n,time,state.x,state.y,state.z,state.yaw,state.vx,state.vy,goal.x,goal.y,goal.z,goal.yaw,error.ex,error.ey,error.ez,error.eyaw,control.ux,control.uy,control.uz,control.uyaw,last_OK,ekf.s.x,ekf.s.y,ekf.s.yaw
0,616479.461,0.06368316598618978,0.12065683571459818,0.761,-0.24052382421733862,0.06480330657958984,-0.027459484100341797,0.05606870930514912,0.12201350885876533,1.5,-0.24071581043505771,-0.00761445668104066,0.0013566731441671531,0.739,-0.00019198621771909785,-0.00380722834052033,0.0006783365720835766,0.5912000000000001,-0.00019198621771909785,0,1,0.0598279485011286,0.11920572684690943,-13.781000000000002,-0.04102645708490309,-0.19726430032219489,95.99042510986328,-0.029709537348939292,-0.13002589021216376,13.781000000000002,-0.011316919735963795,-0.06723841011003112,82.20942510986328
1,616544.555,0.07147356032645026,0.11888522383819447,0.769,-0.23968606617638127,0.07109593963623047,-0.02564790153503418,0.05606870930514912,0.12201350885876533,1.5,-0.24071581043505771,-0.015404851021301139,0.003128285020570859,0.731,-0.0010297442586764405,-0.05030614455895006,0.011103591075536153,0.5417230769230769,-0.004896319832325713,0,1,0.06787914608262821,0.11786713922156836,-13.732999999999999,-0.047136352774287224,-0.18910353945840686,96.00450897216797,-0.03795726911306784,-0.13061196998231633,13.732999999999999,-0.009179083661219382,-0.05849156947609052,82.27150897216796
2,616609.832,0.07841356909392252,0.11626466400550911,0.762,-0.23944172008110182,0.06191880798339844,-0.03165168952941894,0.05606870930514912,0.12201350885876533,1.5,-0.24071581043505771,-0.022344859788773402,0.005748844853256219,0.738,-0.0012740903539558979,-0.04912560284150064,0.017433088163768994,0.629288888888889,-0.0024376431886199805,0,1,0.07498253829458161,0.11585547518967983,-13.718999999999985,-0.056659859260395316,-0.17477499931928156,96.22676849365234,-0.04536700555505575,-0.13033306175906578,13.718999999999985,-0.011292853705339563,-0.04444193756021578,82.50776849365236
3,616675.079,0.08419421855358303,0.11275726222981143,0.755,-0.23609068791727278,0.05332184600830078,-0.043722259521484376,0.05606870930514912,0.12201350885876533,1.5,-0.24071581043505771,-0.028125509248433905,0.009256246628953899,0.745,-0.004625122517784935,-0.044260177174682266,0.022950371396479752,0.6325671641791045,-0.019629744146870177,0,1,0.08117566357640144,0.11258994986387373,-13.52699999999999,-0.05668306478894997,-0.16734151048830553,96.16337585449219,-0.05258864505676178,-0.1284539589834141,13.52699999999999,-0.004094419732188194,-0.03888755150489143,82.63637585449221
4,616740.142,0.09057396680093138,0.10695909535092686,0.76,-0.23233823002548498,0.07460718536376953,-0.06822859954833985,0.05606870930514912,0.12201350885876533,1.5,-0.24071581043505771,-0.03450525749578226,0.015054413507838468,0.74,-0.008377580409572732,-0.05008956825630178,0.03737071274817805,0.5662647058823529,-0.024932541696871834,0,1,0.08796612890861553,0.10717147484244606,-13.31199999999999,-0.06011988111422859,-0.1551003691926235,96.23660278320312,-0.060925924959472674,-0.12454636294531013,13.31199999999999,0.0008060438452440824,-0.03055400624731336,82.92460278320313
5,616805.328,0.09635929784835714,0.09929453734292444,0.777,-0.2257932453305062,0.07491503143310548,-0.09449132537841796,0.05606870930514912,0.12201350885876533,1.5,-0.24071581043505771,-0.04029058854320802,0.02271897151584089,0.723,-0.014922565104551505,-0.051297076834665806,0.05263018272408732,0.4868615384615384,-0.0451301867736843,0,1,0.09398364354841833,0.09967897141612594,-12.936999999999987,-0.06875276760016824,-0.14802214385429538,96.49627685546875,-0.06928195748457935,-0.11818981751537629,12.936999999999987,0.0005291898844111131,-0.029832326338919093,83.55927685546877
6,616870.666,0.10240486520675042,0.09232478703180035,0.807,-0.2187421151524493,0.07794013977050782,-0.07883509063720703,0.05606870930514912,0.12201350885876533,1.5,-0.24071581043505771,-0.0463361559016013,0.029688721826964984,0.693,-0.021973695282608424,-0.05572113295753366,0.052373785665689156,0.3928615384615383,-0.05451737302748651,0,1,0.10024677833577134,0.09300899011784193,-12.533,-0.07749845650954294,-0.13811124470779448,96.86250305175781,-0.07767489029541655,-0.112546435869987,12.533,0.00017643378587360592,-0.025564808837807484,84.32950305175783
7,616935.638,0.1082406700494929,0.08732997380295195,0.842,-0.21315706154606712,0.06937400817871094,-0.043758884429931644,0.05606870930514912,0.12201350885876533,1.5,-0.24071581043505771,-0.052171960744343784,0.03468353505581338,0.658,-0.027558748888990597,-0.05903003996829883,0.04553829381979281,0.3288193548387102,-0.054583201823097886,0,1,0.10628654169992825,0.08847342352845544,-12.21299999999998,-0.08429262010608315,-0.12493573856427312,97.40869140625,-0.08516480792957826,-0.10895563825564095,12.21299999999998,0.0008721878234951019,-0.015980100308632172,85.19569140625002
8,617000.823,0.11387693228342281,0.08420830456790733,0.876,-0.20886355158616116,0.06065823364257812,-0.010906742095947266,0.05606870930514912,0.12201350885876533,1.5,-0.24071581043505771,-0.05780822297827369,0.037805204290858,0.624,-0.03185225884889656,-0.057493847458346514,0.03473715623623502,0.32673623188405787,-0.050519693457183344,0,1,0.11203921191233362,0.08576384443701596,-11.966999999999986,-0.09071014629711341,-0.11469475259437419,97.54949951171875,-0.09182129871880107,-0.10713109315295058,11.966999999999986,0.0011111524216876612,-0.007563659441423606,85.58249951171875
9,617066.253,0.1195339550870943,0.08420805998871923,0.91,-0.20359265724513848,0.05115970611572265,0.04038889312744141,0.05606870930514912,0.12201350885876533,1.5,-0.24071581043505771,-0.06346524578194518,0.037805448870046096,0.59,-0.03712315318991924,-0.06419095045302212,0.018904127758233438,0.2769180327868851,-0.06304558437527669,0,1,0.11777176091442065,0.08613518800821292,-11.664999999999997,-0.09394979437915318,-0.1082546689445957,97.87006378173828,-0.09792376748043657,-0.10816835972007266,11.664999999999997,0.00397397310128339,-0.00008630922452304568,86.20506378173829
10,617131.195,0.12488112115118107,0.08662105823661692,0.943,-0.19805996351631644,0.03541031646728516,0.07763629150390625,0.05606870930514912,0.12201350885876533,1.5,-0.24071581043505771,-0.06881241184603194,0.03539245062214841,0.557,-0.042655846918741275,-0.06276238959620335,0.004900022481313739,0.2706000000000005,-0.06780445477702325,0,1,0.12289236710832202,0.0887996100670064,-11.347999999999995,-0.10255357564288224,-0.1081453934686891,97.82751464843751,-0.10301695532015318,-0.11124482710717176,11.347999999999995,0.00046337967727093365,0.003099433638482668,86.47951464843752
11,617196.502,0.13169705807363294,0.09311087796259183,0.975,-0.19292869551545316,0.03915491104125977,0.13856228637695311,0.05606870930514912,0.12201350885876533,1.5,-0.24071581043505771,-0.07562834876848382,0.028902630896173495,0.525,-0.04778711491960455,-0.0745153731974443,-0.02049386769177817,0.2476923076923076,-0.07146989030820429,0,1,0.12925805490814343,0.09516432477667822,-11.053999999999998,-0.11210612841442168,-0.12521596381419883,98.0924530029297,-0.10861367560395377,-0.11818190614741671,11.053999999999998,-0.003492452810467908,-0.007034057666782126,87.0384530029297
12,617261.535,0.13774735261222282,0.09997585076339144,1.008,-0.18996163578706277,0.020084051132202147,0.13569094848632812,0.05606870930514912,0.12201350885876533,1.5,-0.24071581043505771,-0.0816786433070737,0.02203765809537389,0.492,-0.05075417464799495,-0.07341783070748234,-0.025946409110464766,0.2159076923076922,-0.06444829647133525,0,1,0.1347455919496159,0.10173238901410883,-10.883999999999997,-0.1242572471986158,-0.1467044305254576,97.69075012207031,-0.1131124842386062,-0.12534520107982366,10.883999999999997,-0.011144762960009602,-0.021359229445633926,86.80675012207033
13,617326.66,0.14327486780021312,0.10985227318036829,1.049,-0.1873610952015911,-0.004614812850952148,0.16566285705566405,0.05606870930514912,0.12201350885876533,1.5,-0.24071581043505771,-0.087206158495064,0.01216123567839704,0.45100000000000007,-0.053354715233466604,-0.07247815858777984,-0.04551263359277011,0.14662089552238852,-0.06499892681020536,0,1,0.139530610195538,0.11087946423041199,-10.73499999999999,-0.13542915201563027,-0.1841483262770593,98.32406616210938,-0.11643554659807998,-0.13492890816266445,10.73499999999999,-0.018993605417550297,-0.04921941811439484,87.58906616210938
14,617392.059,0.14898123632483187,0.12223496966652724,1.081,-0.1851096204665183,-0.01727845001220703,0.19227195739746095,0.05606870930514912,0.12201350885876533,1.5,-0.24071581043505771,-0.09291252701968275,-0.0002214608077619057,0.41900000000000004,-0.055606189968539416,-0.07766296637885019,-0.06782860181256267,0.1601999999999999,-0.06615997778919322,0,1,0.14453072271625367,0.12266063621793838,-10.605999999999984,-0.14621657281451989,-0.21838753968032415,97.57801055908203,-0.1194853561004288,-0.1471666102206127,10.605999999999984,-0.02673121671409108,-0.07122092945971145,86.97201055908204
15,617457.092,0.15318056603152821,0.14144426786468453,1.107,-0.18369590377240305,-0.0702218017578125,0.28453573608398436,0.05606870930514912,0.12201350885876533,1.5,-0.24071581043505771,-0.09711185672637909,-0.0194307590059192,0.393,-0.05701990666265466,-0.07116770370693908,-0.11315006210842196,0.1743999999999999,-0.06354475294318657,0,1,0.14787109516249292,0.14174159458513105,-10.524999999999993,-0.15434204501803642,-0.24317913502124125,97.98060607910155,-0.11949204583230476,-0.16636763928992038,10.524999999999993,-0.03484999918573166,-0.07681149573132087,87.45560607910156
16,617522.277,0.1590993923584191,0.16274803365982718,1.134,-0.18310249182672497,-0.060717048645019533,0.31679425048828125,0.05606870930514912,0.12201350885876533,1.5,-0.24071581043505771,-0.10303068305326998,-0.04073452480106185,0.3660000000000001,-0.05761331860833274,-0.08243458353278144,-0.13165559118112682,0.15175522388059762,-0.06027038702181668,0,1,0.1530586708119583,0.16294794341495775,-10.49099999999999,-0.15902908828660503,-0.26926375878677367,97.85567474365236,-0.12083033221291123,-0.18809311468314088,10.49099999999999,-0.0381987560736938,-0.08117064410363278,87.36467474365236
17,617587.463,0.16373819577925638,0.18720000542081072,1.158,-0.18235200024836737,-0.09861273956298829,0.34892758178710936,0.05606870930514912,0.12201350885876533,1.5,-0.24071581043505771,-0.10766948647410726,-0.06518649656204539,0.3420000000000001,-0.058363810186690346,-0.07960587335281628,-0.16843753584204238,0.14026666666666662,-0.06193757960744084,0,1,0.1568706474949825,0.1868180506390947,-10.44799999999999,-0.15967935420576368,-0.31129449565558986,98.08786010742188,-0.12039155549127845,-0.21216799347799103,10.44799999999999,-0.039287798714485234,-0.09912650217759883,87.63986010742188
18,617652.648,0.16720547423710125,0.21331530218486858,1.184,-0.18310249182672497,-0.1287329559326172,0.35534197998046874,0.05606870930514912,0.12201350885876533,1.5,-0.24071581043505771,-0.11113676493195213,-0.09130179332610325,0.31600000000000006,-0.05761331860833274,-0.07395546519697155,-0.18414110677547962,0.11492121212121209,-0.054201993252161816,0,1,0.1595942129804582,0.21205301893416098,-10.49099999999999,-0.15458589969089503,-0.3617375236887904,98.11824035644531,-0.11831551824179692,-0.23756732477156556,10.49099999999999,-0.03627038144909811,-0.12417019891722486,87.62724035644533
19,617718.078,0.14607460254299268,0.21751641180036224,1.198,-0.18121753623457112,-0.14367459106445313,0.34697293090820314,0.05606870930514912,0.12201350885876533,1.5,-0.24071581043505771,-0.09000589323784355,-0.09550290294159691,0.30200000000000005,-0.05949827420048659,0.06877867019550898,-0.07037281093884126,0.1662153846153846,-0.06819806924119665,0,1,0.1619990973113419,0.23780418145187227,-10.382999999999994,0.03506873306434904,0.49664777515932346,-80.97821044921874,-0.11648755332447314,-0.26310679612310023,10.382999999999994,0.15155628638882218,0.7597545712824236,-91.36121044921873
20,617783.02,0.12417693152187434,0.22185811204851416,1.211,-0.1801179788058147,-0.1521287384033203,0.32937905883789065,0.05606870930514912,0.12201350885876533,1.5,-0.24071581043505771,-0.06810822221672522,-0.09984460318974883,0.2889999999999999,-0.06059783162924301,0.08206990188241645,-0.07294646957749823,0.16226060606060538,-0.06559581994177219,0,1,0.140056300661158,0.24094329351085494,-10.319999999999993,0.04557406905517507,0.4512580140384941,-81.13656616210936,-0.09462660715886945,-0.26213592516163764,10.319999999999993,0.14020067621404453,0.7133939392001317,-91.45656616210935
21,617848.114,0.09955047281140686,0.22490260577249113,1.224,-0.17856463577153958,-0.19013874816894533,0.28837103271484377,0.05606870930514912,0.12201350885876533,1.5,-0.24071581043505771,-0.04348176350625774,-0.1028890969137258,0.276,-0.06215117466351813,0.10690479807767138,-0.06734862014927992,0.15288955223880651,-0.06910644198116794,0,1,0.11515010644423307,0.24304267588303544,-10.230999999999986,0.054180190483931905,0.4111882819206225,-81.25714111328129,-0.07015061633849003,-0.25963085398664465,10.230999999999986,0.12433080682242192,0.6708191359072672,-91.48814111328127
22,617913.482,0.07431822231406048,0.22748202771968468,1.234,-0.17544049641046966,-0.19708985900878906,0.2625438232421875,0.05606870930514912,0.12201350885876533,1.5,-0.24071581043505771,-0.018249513008911353,-0.10546851886091935,0.266,-0.06527531402458805,0.1333153672708868,-0.06729551235816517,0.15634838709677418,-0.0803921173846038,0,1,0.08972888889018307,0.24446099490570056,-10.05199999999998,0.07131196135955958,0.36481354724032933,-81.14434814453125,-0.04568284407119166,-0.25636990714457686,10.05199999999998,0.11699480543075125,0.6211834543849062,-91.19634814453124
23,617978.485,0.04705038567247692,0.22706751797263355,1.244,-0.17418385934903416,-0.21136500549316406,0.20662614440917967,0.05606870930514912,0.12201350885876533,1.5,-0.24071581043505771,0.009018323632672201,-0.10505400911386822,0.256,-0.06653195108602356,0.14911132582473371,-0.050328846807420585,0.15176969696969694,-0.07224393772891219,0,1,0.06284785017535485,0.24350512296449228,-9.980000000000004,0.10668059718912101,0.34262512736523526,-81.18975830078124,-0.019696345553562374,-0.2507122875996528,9.980000000000004,0.12637694274268338,0.593337414964888,-91.16975830078124
24,618043.67,0.0185607137012848,0.22318014733229233,1.259,-0.17296212887263798,-0.20741993713378906,0.15371983337402345,0.05606870930514912,0.12201350885876533,1.5,-0.24071581043505771,0.03750799560386432,-0.101166638473527,0.2410000000000001,-0.06775368156241973,0.16983559158855702,-0.02996847493192367,0.11325454545454607,-0.07330700190967508,0,1,0.035207652452321644,0.239556890026108,-9.909999999999995,0.1553051115718929,0.3409684038262381,-82.10937500000003,0.006545658149336761,-0.2420418077720795,9.909999999999995,0.14875945342255614,0.5830102115983176,-92.01937500000001
25,618108.825,-0.009087921278929656,0.21650608226478296,1.269,-0.17254324985215932,-0.18747747802734374,0.10855990600585938,0.05606870930514912,0.12201350885876533,1.5,-0.24071581043505771,0.06515663058407878,-0.09449257340601763,0.2310000000000001,-0.06817256058289839,0.1837817878400872,-0.010747493365066974,0.13011250000000002,-0.0701360559913921,0,1,0.007494252919742174,0.2324604929335855,-9.885999999999994,0.1836558669402238,0.32753330932946284,-81.84124755859376,0.032527794138163015,-0.2302954346274713,9.885999999999994,0.15112807280206078,0.5578287439569342,-91.72724755859376
26,618174.041,-0.03450539024199044,0.20669039751303203,1.298,-0.17228145046435997,-0.13821775817871093,0.07006736755371094,0.05606870930514912,0.12201350885876533,1.5,-0.24071581043505771,0.09057409954713956,-0.0846768886542667,0.20199999999999996,-0.06843435997069774,0.1821503441900509,0.010515242797679347,0.005446153846153101,-0.069642664837464,0,1,-0.017363631396239095,0.2226899051147914,-9.870999999999983,0.22561076060042304,0.3370557102614083,-82.45022583007812,0.05528241905463979,-0.2164165975122205,9.870999999999983,0.17032834154578325,0.5534723077736288,-92.32122583007809
27,618239.349,-0.04013074625183344,0.20972475874465005,1.316,-0.1752310569002307,-0.09093392181396484,0.030376256942749022,0.05606870930514912,0.12201350885876533,1.5,-0.24071581043505771,0.09619945555698256,-0.08771124988588472,0.18399999999999994,-0.06548475353482702,0.0783901062930305,-0.06019449311319321,0.05027692307692297,-0.051871185369269844,0,0,0,0,0,0,0,0
28,618304.412,-0.04391103032315454,0.2094171242287726,1.32,-0.17718582566246438,-0.05503143310546875,-0.014429427146911622,0.05606870930514912,0.12201350885876533,1.5,-0.24071581043505771,0.09997973962830367,-0.08740361537000726,0.17999999999999994,-0.06352998477259333,0.06944721429889283,-0.04211839473563439,0.1234117647058823,-0.05490600493920941,0,0,0,0,0,0,0,0
29,618369.628,-0.045423772791291686,0.20586752655301613,1.324,-0.17875662198925918,-0.012951086044311524,-0.0564099006652832,0.05606870930514912,0.12201350885876533,1.5,-0.24071581043505771,0.10149248209644081,-0.0838540176942508,0.17599999999999993,-0.061959188445798535,0.059019051420845375,-0.022515146557832225,0.11892499999999993,-0.054596080663947916,0,0,0,0,0,0,0,0
30,618434.906,-0.04463467808724901,0.20058229159663443,1.329,-0.1803972314861338,0.025744022369384764,-0.07591067504882812,0.05606870930514912,0.12201350885876533,1.5,-0.24071581043505771,0.10070338739239813,-0.0785687827378691,0.17100000000000004,-0.06031857894892392,0.04603633203346569,-0.010380762701222155,0.10945625000000062,-0.05262822193232418,0,0,0,0,0,0,0,0
31,618500.03,-0.03824671772492494,0.1925005165710029,1.333,-0.18085101709165224,0.11601502227783203,-0.10206746673583984,0.05606870930514912,0.12201350885876533,1.5,-0.24071581043505771,0.09431542703007406,-0.07048700771223756,0.16700000000000004,-0.05986479334340547,0.012223555283577263,0.008953703315303686,0.111725,-0.05773767331753772,0,0,0,0,0,0,0,0
32,618565.155,-0.028820881080300932,0.18191927381463643,1.337,-0.18229964037080754,0.16762986755371093,-0.13069917297363282,0.05606870930514912,0.12201350885876533,1.5,-0.24071581043505771,0.08488959038545005,-0.059905764955871105,0.16300000000000003,-0.05841617006425018,-0.007540702165129587,0.026159768502795666,0.10918787878787882,-0.051831518795362484,0,0,0,0,0,0,0,0
33,618630.31,-0.019095133627353825,0.16928348691730738,1.349,-0.18249162658852708,0.17783021545410158,-0.1599481201171875,0.05606870930514912,0.12201350885876533,1.5,-0.24071581043505771,0.07516384293250294,-0.04726997805854205,0.15100000000000002,-0.058224183846530636,-0.015605759917053,0.04546697056549723,0.05517499999999996,-0.05732424845097028,0,0,0,0,0,0,0,0
34,618695.617,-0.008010386279815696,0.1538591819160521,1.364,-0.18322466487436478,0.2054983367919922,-0.1973477020263672,0.05606870930514912,0.12201350885876533,1.5,-0.24071581043505771,0.06407909558496482,-0.03184567305728678,0.1359999999999999,-0.05749114556069293,-0.026743203292947056,0.06587272029619518,0.029254545454544728,-0.05415915335233972,0,0,0,0,0,0,0,0
35,618760.833,-0.014058493396302949,0.11798055488764544,1.362,-0.18325957145940458,0.22002568054199217,-0.21775531005859375,0.05606870930514912,0.12201350885876533,1.5,-0.24071581043505771,0.07012720270145208,0.004032953971119885,0.1379999999999999,-0.057456238975653134,0.06763033197796514,0.19520908406159576,0.12116923076923071,-0.05729513166008485,0,1,0.0037674437310579122,0.13691256151098175,-10.499999999999998,0.21635120696994833,0.43603805226079423,-83.04031372070312,0.02124597505589597,-0.13530651010091604,10.499999999999998,0.19510523191405238,0.5713445623617103,-93.54031372070311
36,618825.927,-0.01974956535280796,0.08289646951776923,1.362,-0.18353882413972383,0.18270401000976563,-0.2338724365234375,0.05606870930514912,0.12201350885876533,1.5,-0.24071581043505771,0.07581827465795708,0.0391170393409961,0.1379999999999999,-0.05717698629533388,0.06808906437105054,0.2056104875410537,0.11039999999999993,-0.05590765593024637,0,1,-0.004923510189253722,0.100430462739028,-10.516000000000009,0.17191416818593672,0.44061998003635455,-82.89544677734374,0.02317038810153657,-0.09784504031264513,10.516000000000009,0.14874378008440015,0.5384650203489997,-93.41144677734374
37,618891.143,-0.02464366875278714,0.04906580152830585,1.358,-0.1833293846294844,0.15459651184082032,-0.23160671997070312,0.05606870930514912,0.12201350885876533,1.5,-0.24071581043505771,0.08071237805793627,0.07294770733045948,0.1419999999999999,-0.05738642580557332,0.06670905349039452,0.21863898899310946,0.13513846153846149,-0.05835306969898612,0,1,-0.01243427593944388,0.0658343313309795,-10.504,0.13262450727722824,0.45735920567406463,-82.24929809570314,0.024227777692821473,-0.062464271291696384,10.504,0.10839672958440677,0.519823476965761,-92.75329809570314
38,618956.42,-0.028750128997019724,0.016664909195693245,1.363,-0.18228218707828786,0.13976148986816406,-0.210070556640625,0.05606870930514912,0.12201350885876533,1.5,-0.24071581043505771,0.08481883830216885,0.10534859966307208,0.137,-0.058433623356769854,0.06452112815849065,0.2271406431609885,0.08267692307692368,-0.06326684282383077,0,1,-0.01803549181547808,0.03359717919941125,-10.444000000000004,0.11379263700172908,0.49894554870597074,-81.89569091796875,0.02382699893717109,-0.02977118635243776,10.444000000000004,0.08996563806455798,0.5287167350584085,-92.33969091796874
39,619021.484,-0.033421446170576755,-0.015943701883262003,1.365,-0.18182840147276896,0.11760924530029297,-0.2056641845703125,0.05606870930514912,0.12201350885876533,1.5,-0.24071581043505771,0.08949015547572588,0.13795721074202733,0.135,-0.05888740896228875,0.06989832405701614,0.2445634342576957,0.09723076923076923,-0.06098180406468366,0,1,-0.023524855373583932,0.0017598157491746005,-10.417999999999985,0.10776643851356937,0.557971325912547,-82.15441894531249,0.02345526552151675,0.002523151032782526,10.417999999999985,0.08431117299205262,0.5554481748797644,-92.57241894531248
40,619086.639,-0.038770352369051284,-0.04587163377871352,1.357,-0.18137461586725073,0.08611293029785157,-0.1778692169189453,0.05606870930514912,0.12201350885876533,1.5,-0.24071581043505771,0.0948390616742004,0.16788514263747883,0.14300000000000002,-0.05934119456780698,0.07578494249567724,0.2426513010673459,0.15682424242424248,-0.06140385641107167,0,1,-0.029919474500851452,-0.028644277344824675,-10.392000000000001,0.1010310361064713,0.5790636099256687,-82.24490356445314,0.024261788758636403,0.03357134470416162,10.392000000000001,0.07676924734783488,0.5454922652215071,-92.63690356445315
41,619151.763,-0.02684248163020083,-0.04437668235307847,1.352,-0.180362324901094,0.08941594696044922,-0.11885877990722657,0.05606870930514912,0.12201350885876533,1.5,-0.24071581043505771,0.08291119093534996,0.16639019121184379,0.1479999999999999,-0.06035348553396372,-0.021798264511077386,0.07526732289422088,0.1449151515151509,-0.06495480810740344,0,1,-0.03433640134342726,-0.054740841121449925,-10.333999999999998,-0.06774659245408268,-0.2979024435828089,97.76969909667967,0.023959680065069017,0.060012347688457174,10.333999999999998,-0.0917062725191517,-0.357914791271266,87.43569909667968
42,619216.949,-0.01589309638151432,-0.0420044049408623,1.349,-0.17889624832941858,0.08776702880859374,-0.08425531005859375,0.05606870930514912,0.12201350885876533,1.5,-0.24071581043505771,0.07196180568666344,0.16401791379962763,0.15100000000000002,-0.06181956210563913,-0.02121737830652324,0.06961646295540105,0.13647164179104537,-0.06838408406836485,0,1,-0.022093874091578564,-0.05095219993097967,-10.24999999999999,-0.061720393965922944,-0.26436507016998145,98.14970397949219,0.012674656169375732,0.05407050065580267,10.24999999999999,-0.07439505013529868,-0.3184355708257841,87.89970397949222
43,619282.257,-0.004322398092143529,-0.038998210667171136,1.347,-0.17683675981206554,0.10604035186767578,-0.05743150329589844,0.05606870930514912,0.12201350885876533,1.5,-0.24071581043505771,0.06039110739729265,0.16101171952593646,0.15300000000000002,-0.06387905062299218,-0.03308170257135018,0.06406573482871963,0.13333750000000003,-0.07353290304808459,0,1,-0.00961786594737025,-0.04703001379051557,-10.132000000000005,-0.061720393965922944,-0.2469256359953112,98.09283447265625,0.0011945184016888231,0.0479885264235702,10.132000000000005,-0.06291491236761176,-0.2949141624188814,87.96083447265626
44,619347.32,0.008143563640425445,-0.03452115353744475,1.346,-0.17343336777067636,0.12138688659667969,-0.01709309959411621,0.05606870930514912,0.12201350885876533,1.5,-0.24071581043505771,0.04792514566472368,0.15653466239621008,0.15399999999999991,-0.06728244266438135,-0.047563437108607644,0.05257929848656027,0.12893770491803208,-0.08402043631055763,0,1,0.00344339584812756,-0.0415435770880758,-9.93699999999999,-0.06774659245408268,-0.230827696757154,98.58969116210938,-0.010560714875983986,0.04032613387801972,9.93699999999999,-0.0571858775780987,-0.27115383063517373,88.65269116210938
45,619412.475,0.021812484933597012,-0.02809308089049982,1.34,-0.17011724219188734,0.13767572021484376,0.01929805564880371,0.05606870930514912,0.12201350885876533,1.5,-0.24071581043505771,0.03425622437155211,0.15010658974926516,0.15999999999999992,-0.07059856824317037,-0.05427670053974707,0.04147381089805464,0.15934328358208952,-0.08544689173028538,0,1,0.017406263320133272,-0.034837786400881754,-9.747000000000003,-0.07685000032439931,-0.238110243768582,98.19419860839844,-0.023052966679711004,0.031388056507968325,9.747000000000003,-0.05379703364468831,-0.2694983002765503,88.44719860839844
46,619477.905,0.036383079002151306,-0.018372812759627585,1.341,-0.16877333866785166,0.14433216857910156,0.062038986206054685,0.05606870930514912,0.12201350885876533,1.5,-0.24071581043505771,0.019685630302997817,0.14038632161839293,0.15900000000000003,-0.07194247176720606,-0.06742548672719809,0.018646284357601288,0.12189696969697032,-0.07805112414918644,0,1,0.03199593779758967,-0.02564585984180883,-9.67,-0.0865784627295818,-0.27241403978906004,97.83499145507814,-0.035849143525215295,0.019907010601329485,9.67,-0.05072931920436651,-0.2923210503903895,88.16499145507814
47,619542.846,0.050207031447480475,-0.009071278817073605,1.348,-0.1645496418780253,0.13348793029785155,0.05175722503662109,0.05606870930514912,0.12201350885876533,1.5,-0.24071581043505771,0.005861677857668647,0.13108478767583892,0.1519999999999999,-0.07616616855703243,-0.07266890100655957,0.014674630089577236,0.08331874999999929,-0.09596474725934354,0,1,0.045735419222961995,-0.0164661837770256,-9.427999999999995,-0.10101756717795655,-0.29549641605275345,98.32507324218749,-0.047814929424583805,0.008751931432600049,9.427999999999995,-0.05320263775337275,-0.3042483474853535,88.8970732421875
48,619608.093,0.05062858222219802,-0.02227922366216597,1.35,-0.16201891446263367,0.1213212890625,0.06889669799804687,0.05606870930514912,0.12201350885876533,1.5,-0.24071581043505771,0.0054401270829511,0.1442927325209313,0.1499999999999999,-0.07869689597242405,0.0005179326287719482,0.14114309306318706,0.10955223880597008,-0.09002851126522235,0,1,0.05893825438320533,-0.005865102114850914,-9.283000000000003,0.06007171825726064,0.5866095189435548,-81.81158447265628,-0.05911248224677633,-0.0037190987055473823,9.283000000000003,0.11918420050403697,0.5903286176491023,-91.09458447265628
49,619673.278,0.04976107290020828,-0.0348970130032567,1.353,-0.16139059593191557,0.09198136901855469,0.05542398452758789,0.05606870930514912,0.12201350885876533,1.5,-0.24071581043505771,0.006307636404940843,0.15691052186202203,0.14700000000000002,-0.07932521450314214,0.007898009807101827,0.14745879639010095,0.10119375000000061,-0.08227045761588322,0,1,0.057276398557751386,-0.01962185541485347,-9.246999999999995,0.0424168398739802,0.5702600494048015,-81.76272583007812,-0.05968513259216866,0.010163069867074907,9.246999999999995,0.10210197246614885,0.5600969795377265,-91.00972583007812
50,619738.433,0.04705046347619231,-0.04783524877702986,1.358,-0.15994197265276028,0.06206063842773438,0.04403321838378906,0.05606870930514912,0.12201350885876533,1.5,-0.24071581043505771,0.009018245828956814,0.16984875763579518,0.1419999999999999,-0.08077383778229744,0.018883566829714614,0.1535362351939673,0.0870848484848478,-0.08735848905118512,0,1,0.054316398485113646,-0.03266445179664875,-9.163999999999996,0.03846515589973252,0.5834597297062961,-81.73468017578125,-0.05882530322371099,0.023597060329789032,9.163999999999996,0.0972904591234435,0.5598626693765071,-90.89868017578125
51,619803.68,0.04258575306713775,-0.058853934653655654,1.367,-0.15845844278856497,0.02326572036743164,0.06569888305664062,0.05606870930514912,0.12201350885876533,1.5,-0.24071581043505771,0.013482956238011372,0.18086744351242098,0.133,-0.08225736764649275,0.030782226475453305,0.14976510724573402,0.05793846153846211,-0.0891044285581634,0,1,0.04927926571166806,-0.043758247638931866,-9.078999999999988,0.02641275892341308,0.5915086993253743,-81.54119873046876,-0.05556676373374375,0.035433953119424454,9.078999999999988,0.08197952265715683,0.5560747462059499,-90.62019873046873
52,619868.743,0.03740959657856632,-0.06807182863344427,1.374,-0.15879005534644391,0.005984848022460938,0.08399028778076172,0.05606870930514912,0.12201350885876533,1.5,-0.24071581043505771,0.0186591127265828,0.1900853374922096,0.1259999999999999,-0.0819257550886138,0.035971538289761976,0.14248771128913446,0.06477058823529344,-0.0804627585097361,0,1,0.04386330054706109,-0.053387691521457226,-9.09799999999999,0.024214370154112763,0.5887723295987963,-81.35418701171876,-0.051753324676592,0.04578021544063919,9.09799999999999,0.07596769483070476,0.5429921141581572,-90.45218701171875
53,619933.959,0.031001506414946138,-0.07614481892837087,1.387,-0.15997687923780007,-0.011907642364501952,0.1084751968383789,0.05606870930514912,0.12201350885876533,1.5,-0.24071581043505771,0.025067202890202984,0.1981583277871362,0.11299999999999999,-0.08073893119725764,0.04870830398166705,0.14465249620363768,0.017012903225807008,-0.0749962349487601,0,1,0.037769240073024124,-0.06080560295841352,-9.165999999999991,0.03243895741157278,0.6169971031191234,-81.41204833984372,-0.04697301508544757,0.05401270869538274,9.165999999999991,0.07941197249702035,0.5629843944237406,-90.57804833984372
54,619999.298,0.02432208824016059,-0.08178243717733666,1.395,-0.1594358271696819,-0.024454452514648437,0.1295185546875,0.05606870930514912,0.12201350885876533,1.5,-0.24071581043505771,0.03174662106498853,0.203795946036102,0.10499999999999998,-0.0812799832653758,0.052981189281302854,0.13321807440119418,0.03955555555555551,-0.08385642168498611,0,1,0.030767474064026325,-0.06736080497641303,-9.134999999999994,0.030411522573349482,0.594155427961441,-81.702392578125,-0.04107153368172678,0.061621786961931456,9.134999999999994,0.07148305625507625,0.5325336409995096,-90.83739257812499
55,620064.331,0.016768615747263155,-0.08715404329618018,1.404,-0.16050047801339856,-0.03646431350708008,0.14357199096679688,0.05606870930514912,0.12201350885876533,1.5,-0.24071581043505771,0.03930009355788597,0.2091675521549455,0.09600000000000009,-0.08021533242165915,0.05910848517467586,0.13264440505650607,0.029785074626866297,-0.07544823909158459,0,1,0.023441543353119255,-0.07194642468183121,-9.196000000000002,0.035931978325534436,0.6213781093057119,-81.48571777343747,-0.034638180751238506,0.0672754815182999,9.196000000000002,0.07057015907677294,0.554102627787412,-90.68171777343747
56,620129.577,0.009438456420786234,-0.08967958131682606,1.413,-0.16273449945595125,-0.03651676940917969,0.18560502624511718,0.05606870930514912,0.12201350885876533,1.5,-0.24071581043505771,0.046630252884362886,0.2116930901755914,0.08699999999999997,-0.07798131097910646,0.0616070035207922,0.11903965415087127,0.022585074626865036,-0.06797822989304964,0,1,0.01634291748736808,-0.07455035319479826,-9.323999999999998,0.042523132921959174,0.6213781093057119,-81.67495727539064,-0.028205431835978352,0.0709175558547675,9.323999999999998,0.07072856475793753,0.5504605534509444,-90.99895727539062
57,620194.61,0.0032475087559173397,-0.08905831799923204,1.418,-0.1645670951705454,-0.023426826477050782,0.22160783386230468,0.05606870930514912,0.12201350885876533,1.5,-0.24071581043505771,0.052821200549231784,0.21107182685799736,0.08200000000000007,-0.0761487152645123,0.06026734531686768,0.10213837966090625,0.038256250000000644,-0.06755842285235221,0,1,0.010290920857120987,-0.07484788227359733,-9.429000000000004,0.04806640095662996,0.594155427961441,-82.09503173828124,-0.022413860063071202,0.07215072702338401,9.429000000000004,0.07048026101970116,0.5220047009380571,-91.52403173828125
58,620259.826,-0.003804719853431239,-0.08762920050096518,1.421,-0.16510814723866357,-0.029869770050048827,0.23199484252929686,0.05606870930514912,0.12201350885876533,1.5,-0.24071581043505771,0.05987342915858036,0.2096427093597305,0.07899999999999996,-0.07560766319639414,0.06570888868468153,0.09757220794952615,0.04798260869565156,-0.07325526290022821,0,1,0.0038168695452703593,-0.07347472670174021,-9.459999999999999,0.06376129773266098,0.592685023163626,-82.51605224609379,-0.01584119558359066,0.07184817659136143,9.459999999999999,0.07960249331625165,0.5208368465722646,-91.97605224609377
59,620325.073,-0.009698658366802865,-0.08337233686568242,1.425,-0.16512560053118347,-0.011528340339660645,0.27853524780273436,0.05606870930514912,0.12201350885876533,1.5,-0.24071581043505771,0.06576736767195199,0.20538584572444774,0.07499999999999996,-0.07559020990387424,0.06670136383073122,0.078268295446667,0.0370491803278688,-0.07550437403902228,0,1,-0.0015108388214820781,-0.06918639261555876,-9.460999999999999,0.07612889645073077,0.5915086993253743,-82.66357421874997,-0.009882310030661435,0.06849364573124013,9.460999999999999,0.08601120648139221,0.5230150535941341,-92.12457421874998
60,620390.228,-0.014408739613147705,-0.07682505658066002,1.431,-0.16570155918434165,0.003964712381362915,0.29194122314453125,0.05606870930514912,0.12201350885876533,1.5,-0.24071581043505771,0.07047744891829683,0.19883856543942535,0.06899999999999995,-0.07501425125071606,0.060600700401005236,0.06416469656959216,0.022892307692307635,-0.07235598054383215,0,1,-0.006238726417485116,-0.0642177734211067,-9.494000000000002,0.07772659664054112,0.5388187618302757,-82.80023193359372,-0.004439083224474293,0.06436721735948367,9.494000000000002,0.08216567986501541,0.47445154447079196,-92.29423193359372
61,620455.322,-0.018339525283136066,-0.07141892706436882,1.434,-0.16653931722529897,0.029430036544799806,0.2799814147949219,0.05606870930514912,0.12201350885876533,1.5,-0.24071581043505771,0.07440823458828519,0.19343243592313414,0.06600000000000006,-0.07417649320975875,0.05804919281680815,0.06804734931456821,0.03689090909090972,-0.07036850211449823,0,1,-0.009394854662595686,-0.05873891269281217,-9.542000000000002,0.09496076672622994,0.5405318917378769,-82.54351806640624,-0.0004723109164260584,0.059483611868003876,9.542000000000002,0.095433077642656,0.481048279869873,-92.08551806640624
62,620520.66,-0.021785109258649543,-0.06362418202255858,1.43,-0.16690583636821774,0.03383923721313477,0.30284048461914065,0.05606870930514912,0.12201350885876533,1.5,-0.24071581043505771,0.07785381856379867,0.18563769088132392,0.07000000000000006,-0.07380997406683998,0.05748005376543344,0.050847141369376195,0.07753846153846161,-0.07211834725336873,0,1,-0.012767986480605032,-0.05188286433603674,-9.563,0.09496076672622994,0.5069945183250495,-83.02044677734376,0.003971153325529808,0.05328304638199321,9.563,0.09098961340070014,0.4537114719430563,-92.58344677734375
63,620585.723,-0.024999485304167356,-0.054249073203115554,1.429,-0.16694074295325756,0.04103511047363281,0.32109832763671875,0.05606870930514912,0.12201350885876533,1.5,-0.24071581043505771,0.08106819460931648,0.1762625820618809,0.07099999999999995,-0.07377506748180016,0.0570786798918823,0.03987705446027777,0.06194705882352881,-0.07362106784191857,0,1,-0.01553113797817428,-0.042969585436718555,-9.564999999999998,0.10332431178250763,0.4878145171778499,-83.30261230468753,0.00817511831405153,0.04495296386281779,9.564999999999998,0.0951491934684561,0.44286155331503213,-92.86761230468751
64,620650.909,-0.02517764313032906,-0.04476010726830029,1.43,-0.16746434172885583,0.09203097534179687,0.31865567016601565,0.05606870930514912,0.12201350885876533,1.5,-0.24071581043505771,0.08124635243547818,0.16677361612706562,0.07000000000000006,-0.07325146870620189,0.04158248758937897,0.03229237610683521,0.050615384615385256,-0.07083485897267143,0,1,-0.015419391793517749,-0.034320194835286616,-9.594999999999995,0.10722146271452065,0.45866495011986724,-82.81976318359372,0.009483100750035271,0.036410221325593684,9.594999999999995,0.09773836196448538,0.42225472879427356,-92.4147631835937
65,620716.217,-0.02496135178757168,-0.03703718450117987,1.444,-0.16826719318477334,0.10624878692626953,0.27280157470703126,0.05606870930514912,0.12201350885876533,1.5,-0.24071581043505771,0.0810300610927208,0.1590506933599452,0.05600000000000005,-0.07244861725028437,0.039313411975486115,0.0366202201959703,-0.03297777777777779,-0.06862551507924856,0,1,-0.015162060981983114,-0.028008413544628987,-9.641000000000002,0.10722146271452065,0.41424656222198936,-83.42904663085936,0.010257230262381706,0.03015209030652456,9.641000000000002,0.09696423245213895,0.3840944719154648,-93.07004663085935
66,620781.433,-0.02351360495509105,-0.027640121439427786,1.437,-0.167795954286735,0.12266619873046875,0.2876258239746094,0.05606870930514912,0.12201350885876533,1.5,-0.24071581043505771,0.07958231426024018,0.14965363029819312,0.06299999999999994,-0.07291985614832272,0.03233951902176393,0.026459578801843173,0.0864294117647053,-0.0749988512867272,0,1,-0.013687775752247269,-0.01950251158814501,-9.61400000000001,0.10332431178250763,0.3837089205421982,-83.98745727539061,0.010238426531140907,0.021514594708150293,9.61400000000001,0.09308588525136673,0.36219432583404787,-93.6014572753906
67,620846.588,-0.021141835267953216,-0.018877707793384477,1.435,-0.16817992672217363,0.140091064453125,0.2677786560058594,0.05606870930514912,0.12201350885876533,1.5,-0.24071581043505771,0.07721054457310234,0.14089121665214982,0.06499999999999995,-0.07253588371288408,0.02521624985916012,0.020980370001636932,0.06329032258064513,-0.07067795257366485,0,1,-0.0113239285850509,-0.011598707301087394,-9.636000000000003,0.10020659103689722,0.35455935348421574,-83.413330078125,0.00922267281559335,0.013330554219241836,9.636000000000003,0.09098391822130387,0.3412287992649739,-93.049330078125
68,620911.712,-0.01794651962707358,-0.011750490868652885,1.435,-0.16688838307569767,0.15672946166992188,0.23783941650390625,0.05606870930514912,0.12201350885876533,1.5,-0.24071581043505771,0.0740152289322227,0.1337639997274182,0.06499999999999995,-0.07382742735936004,0.020315667088381936,0.029650269659887228,0.05199999999999996,-0.07961045861223748,0,1,-0.008186522293332728,-0.004994435366558678,-9.561999999999994,0.09551337270216217,0.33704690507059853,-82.96987915039061,0.007243132739449502,0.006284947096728867,9.561999999999994,0.08827023996271267,0.33076195797386965,-92.5318791503906
69,620976.928,-0.011015594878449286,-0.003706014175786463,1.435,-0.16496852089850403,0.20225218200683595,0.24291549682617186,0.05606870930514912,0.12201350885876533,1.5,-0.24071581043505771,0.06708430418359841,0.1257195230345518,0.06499999999999995,-0.07574728953655369,-0.0032127518781780995,0.0201996578429844,0.05199999999999996,-0.08447393579652479,0,1,-0.0019602510412783003,0.0019790729316473132,-9.452,0.06824995339439047,0.30181251785548535,-83.89691162109372,0.0022586436315079612,-0.0016302891643694012,9.452,0.0659913097628825,0.30344280701985477,-93.34891162109375
70,621042.205,-0.0041324653551123814,0.0026433951084542974,1.438,-0.16453218858550547,0.20710716247558594,0.21216105651855469,0.05606870930514912,0.12201350885876533,1.5,-0.24071581043505771,0.0602011746602615,0.11937011375031104,0.062000000000000055,-0.07618362184955224,-0.006400857111807403,0.026013947034484772,0.033690909090909715,-0.07816695054500022,0,1,0.004926854286086535,0.007978602766520604,-9.427000000000003,0.06167877910718204,0.2925726215503656,-83.60464477539061,-0.0035534953742575657,-0.008677826103776773,9.427000000000003,0.0652322744814396,0.3012504476541424,-93.03164477539062
71,621107.269,0.002515587118267765,0.00878256781848475,1.438,-0.1633104581091093,0.20058596801757814,0.19910043334960936,0.05606870930514912,0.12201350885876533,1.5,-0.24071581043505771,0.05355312218688136,0.11323094104028059,0.062000000000000055,-0.07740535232594842,-0.009579975870356968,0.023041869762161278,0.04960000000000005,-0.0831322139340555,0,1,0.011233394787356285,0.01354722523960485,-9.356999999999992,0.04798382455683292,0.2739221155580099,-82.93984985351561,-0.008881345967798177,-0.01519335920530628,9.356999999999992,0.056865170524631095,0.28911547476331617,-92.2968498535156
72,621172.546,0.011143760499063946,0.014471443565693798,1.444,-0.16147786239451536,0.2291893310546875,0.18741583251953126,0.05606870930514912,0.12201350885876533,1.5,-0.24071581043505771,0.04492494880608518,0.10754206529307153,0.05600000000000005,-0.07923794804054235,-0.02329299049511898,0.023602752168911997,0.012981818181818199,-0.08756792856142386,0,1,0.019622983128702733,0.01862652121136478,-9.252,0.03509445556826908,0.2567062638727586,-82.85577392578125,-0.016372986393852294,-0.021539128948346583,9.252,0.05146744196212137,0.27824539282110516,-92.10777392578126
73,621237.64,0.020191638820904512,0.01812990239456435,1.449,-0.16041321155079896,0.23705996704101562,0.1468719940185547,0.05606870930514912,0.12201350885876533,1.5,-0.24071581043505771,0.035877070484244614,0.10388360646420097,0.050999999999999934,-0.08030259888425875,-0.032327455434769704,0.03161703196059738,0.013022222222221533,-0.08537236480671781,0,1,0.028316402972313047,0.021594610607837968,-9.191000000000008,0.02139950101791997,0.23805575788040284,-82.2712707519531,-0.024503635555526152,-0.02584023469623528,9.191000000000008,0.04590313657344612,0.2638959925766381,-91.46227075195313
74,621302.856,0.030360877641425487,0.021020611731605434,1.458,-0.16027358521063909,0.2474635467529297,0.13046461486816407,0.05606870930514912,0.12201350885876533,1.5,-0.24071581043505771,0.025707831663723636,0.10099289712715989,0.04200000000000004,-0.08044222522441863,-0.042759108967862273,0.03468788187663654,-0.015618749999999404,-0.08109672369391804,0,1,0.037866642867252706,0.024080784643102406,-9.18299999999999,-0.005184822520992988,0.22944783203777713,-83.20233154296871,-0.03353831979448075,-0.029815229940865415,9.18299999999999,0.028353497273487762,0.2592630619786426,-92.38533154296871
75,621368.103,0.039871477222372234,0.023483377725784578,1.456,-0.15980234631260093,0.2284652099609375,0.12047750091552735,0.05606870930514912,0.12201350885876533,1.5,-0.24071581043505771,0.01619723208277689,0.09853013113298076,0.04400000000000004,-0.08091346412245679,-0.043112304779094036,0.03600401790552581,0.045969230769230804,-0.0830884128826329,1428403073502,1,0.04667847234307922,0.026518814912311152,-9.156000000000008,-0.032574731621691215,0.22944783203777713,-83.05432128906249,-0.04186397508238857,-0.033608554192916085,9.156000000000008,0.009289243460697358,0.2630563862306932,-92.21032128906248
76,621433.197,0.04904454527224967,0.026584729467566827,1.461,-0.15985470619016087,0.21268496704101564,0.1275727310180664,0.05606870930514912,0.12201350885876533,1.5,-0.24071581043505771,0.007024164032899453,0.09542877939119851,0.038999999999999924,-0.08086110424489684,-0.043702238828507656,0.03175154984819062,0.005464705882352289,-0.08063010478507357,1428403073502,1,0.0552231346028355,0.029623658367594244,-9.159000000000013,-0.05915905516060417,0.22944783203777713,-83.25091552734375,-0.04980372396433364,-0.03803609877113165,9.159000000000013,-0.009355331196270529,0.26748393080890875,-92.40991552734376
77,621498.657,0.05839364669453206,0.029285099095694603,1.462,-0.1598547061901609,0.20990776062011718,0.12506195068359374,0.05606870930514912,0.12201350885876533,1.5,-0.24071581043505771,-0.0023249373893829348,0.09272840976307073,0.038000000000000034,-0.08086110424489681,-0.051503784045442785,0.031823753037770394,0.025015384615385237,-0.08086110424489669,1428403073502,1,0.06418709406384517,0.03258842577290767,-9.159000000000015,-0.07929869420523519,0.23805575788040284,-83.10028076171874,-0.05818148055447309,-0.04238990279779713,9.159000000000015,-0.0211172136507621,0.2804456606782,-92.25928076171876
78,621563.934,0.06806324748704659,0.03298938576999576,1.459,-0.15934856070708234,0.206262939453125,0.13602626037597657,0.05606870930514912,0.12201350885876533,1.5,-0.24071581043505771,-0.011994538181897468,0.08902412308876957,0.040999999999999925,-0.08136724972797538,-0.057275455111859136,0.02486811705945441,0.04870909090909027,-0.08366791101469612,1428403073502,1,0.07341265483336014,0.03604910759559894,-9.130000000000003,-0.0994383332498662,0.22944783203777713,-82.74874877929689,-0.06676248553184375,-0.04724115339120648,9.130000000000003,-0.032675847718022455,0.2766889854289836,-91.8787487792969
79,621628.692,0.07633934172089037,0.036945555050225544,1.461,-0.1590344014417233,0.17878155517578126,0.13657081604003907,0.05606870930514912,0.12201350885876533,1.5,-0.24071581043505771,-0.020270632415741244,0.08506795380853979,0.038999999999999924,-0.08168140899333443,-0.056855203011827414,0.0202007632255534,0.01990967741935477,-0.0832015344708782,1428403073502,1,0.08127570937160215,0.040087546323101686,-9.111999999999998,-0.11957797229449722,0.22944783203777713,-82.70147705078126,-0.07390160465395923,-0.05245288489333901,9.111999999999998,-0.04567636764053799,0.2819007169311161,-91.81347705078126
80,621693.939,0.08303337619392907,0.042794406479186635,1.465,-0.1582664565708458,0.14477583312988282,0.1625498046875,0.05606870930514912,0.12201350885876533,1.5,-0.24071581043505771,-0.02696466688877995,0.07921910237957869,0.03499999999999992,-0.08244935386421193,-0.048451170243845904,0.009055849695216413,0.007104477611940222,-0.08588791298754403,1428403073830,1,0.08758541078672608,0.04611696357887177,-9.068,-0.13971761133912833,0.22944783203777713,-82.99896240234378,-0.07922243070101542,-0.05934462895862899,9.068,-0.060495180638112905,0.2887924609964061,-92.06696240234379
81,621759.033,0.08755432191867756,0.0504031022921589,1.472,-0.16001178582284023,0.10568289184570312,0.18261871337890626,0.05606870930514912,0.12201350885876533,1.5,-0.24071581043505771,-0.03148561261352843,0.07161040656660643,0.028000000000000025,-0.08070402461221748,-0.04046672823898248,-0.005804851943888814,-0.015881249999999406,-0.07252279374349353,1428403073894,1,0.0919096411204499,0.05370640809203604,-9.168000000000005,-0.15341256588947738,0.22083990619515143,-83.39410400390622,-0.08217849922495601,-0.06766427910036515,9.168000000000005,-0.07123406666452137,0.2885041852955166,-92.56210400390623
82,621824.249,0.09137878230307653,0.06028943511178641,1.485,-0.16098917020395717,0.08998072052001953,0.21113645935058595,0.05606870930514912,0.12201350885876533,1.5,-0.24071581043505771,-0.035310072997927405,0.06172407374697892,0.014999999999999902,-0.07972664023110054,-0.03793626581017037,-0.021565485654838238,-0.05693939393939466,-0.07528398395329626,1428403073960,1,0.09571909471853618,0.0633432798086999,-9.224000000000013,-0.15985725038375934,0.20218940020279566,-83.15521240234374,-0.08432778120166681,-0.07786746116487399,9.224000000000013,-0.07552946918209252,0.28005686136766966,-92.37921240234375
83,621889.556,0.09460857288042963,0.07189131708384443,1.493,-0.15990706606772062,0.07574407958984375,0.23201397705078125,0.05606870930514912,0.12201350885876533,1.5,-0.24071581043505771,-0.03853986357528051,0.0501221917749209,0.006999999999999895,-0.0808087443673371,-0.036932849007540056,-0.03838669614723183,-0.03815000000000012,-0.08588110750594592,1428403074024,1,0.098842465715818,0.0747476004895722,-9.16200000000001,-0.17110728701763192,0.18398228553607351,-83.8802490234375,-0.0856796462119354,-0.08953231278554652,9.16200000000001,-0.08542764080569652,0.27351459832162006,-93.0422490234375
84,621954.589,0.0960867652417646,0.08459104387821213,1.495,-0.16020377204055977,0.05292266845703125,0.23428733825683593,0.05606870930514912,0.12201350885876533,1.5,-0.24071581043505771,-0.040018055936615476,0.0374224649805532,0.004999999999999893,-0.08051203839449794,-0.027617371004590646,-0.04665500836308658,-0.006294117647058917,-0.0792030414555017,1428403074092,1,0.10057872146862902,0.08674942583397673,-9.179000000000016,-0.16630193487804126,0.1491071908399372,-83.7822265625,-0.08545257666737222,-0.10168283648529657,9.179000000000016,-0.08084935821066905,0.25079002732523376,-92.96122656250002
85,622019.805,0.0984016510551117,0.09766164812896466,1.501,-0.16222835397287302,0.06221488952636719,0.22509129333496095,0.05606870930514912,0.12201350885876533,1.5,-0.24071581043505771,-0.04233294174996258,0.024351860729800667,-0.0009999999999998899,-0.07848745646218469,-0.03363124063915798,-0.05820424636992097,-0.03310769230769105,-0.06914323215920046,1428403074157,1,0.10257507438922765,0.09874334212981882,-9.295000000000005,-0.17864003512783164,0.10051148948636968,-84.10687255859375,-0.08527944709319747,-0.11401451400764978,9.295000000000005,-0.09336058803463416,0.21452600349401946,-93.40187255859377
86,622085.205,0.09897031129389185,0.1103209641604167,1.503,-0.16325809823154966,0.04104207992553711,0.21574417114257813,0.05606870930514912,0.12201350885876533,1.5,-0.24071581043505771,-0.042901601988742724,0.011692544698348628,-0.0029999999999998916,-0.07745771220350806,-0.024610024543149957,-0.06448326115889257,-0.013511111111111033,-0.0725541681145717,1428403074220,1,0.10342496388029854,0.11141380732350292,-9.354000000000005,-0.1735522049341084,0.0859824013273487,-83.61914062500001,-0.08394120524661776,-0.12674239100516008,9.354000000000005,-0.08961099968749063,0.2127247923325088,-92.97314062500003
87,622150.207,0.09828883523723121,0.1222931865141465,1.501,-0.1642180293201467,0.023171581268310548,0.19876907348632813,0.05606870930514912,0.12201350885876533,1.5,-0.24071581043505771,-0.04222012593208209,-0.00027967765538117195,-0.0009999999999998899,-0.07649778111491101,-0.017440576507099164,-0.06460565150162027,0.009969230769230866,-0.07206732993677081,1428403074285,1,0.10264832253435144,0.12314495543527582,-9.409000000000013,-0.17864003512783164,0.06324774124989485,-84.03540039062497,-0.08113549082170625,-0.13826926736405717,9.409000000000013,-0.09750454430612539,0.20151700861395203,-93.44440039062499
88,622215.545,0.09620208748591026,0.13309629397123385,1.502,-0.1666091303953787,0.007173916339874267,0.17452951049804688,0.05606870930514912,0.12201350885876533,1.5,-0.24071581043505771,-0.04013337818076114,-0.011082785112468518,-0.0020000000000000018,-0.07410668003967902,-0.008473646027486405,-0.06555865620671951,-0.007155555555556178,-0.0627204844433362,1428403074348,1,0.1006628118246868,0.1336937650612276,-9.546,-0.1744551750666096,0.040889492308009784,-84.01263427734375,-0.07709721831672052,-0.1485363370644468,9.546,-0.09735795674988908,0.18942582937245658,-93.55863427734376
89,622280.487,0.09415271783806034,0.1445706737654833,1.499,-0.16781340757925498,0.00726971435546875,0.17622012329101563,0.05606870930514912,0.12201350885876533,1.5,-0.24071581043505771,-0.03808400853291122,-0.02255716490671797,0.0009999999999998899,-0.07290240285580274,-0.008336341926941094,-0.0712193724233188,0.01647164179104412,-0.06751011695784925,1428403074415,1,0.09862830664183757,0.1446012512092979,-9.61500000000001,-0.17110728701763192,0.008097393859911862,-83.91345214843754,-0.07309051506308747,-0.15904352023940932,9.61500000000001,-0.09801677195454445,0.1671409140993212,-93.52845214843755
90,622345.672,0.09100556100649405,0.15258586350579742,1.498,-0.1678832207493346,-0.0005480939745903015,0.11648711395263672,0.05606870930514912,0.12201350885876533,1.5,-0.24071581043505771,-0.03493685170134493,-0.03057235464703209,0.0020000000000000018,-0.07283258968572312,-0.0012698245117283465,-0.056540830398662256,0.006747058823529988,-0.0725245904059601,1428403074483,1,0.09541379010369128,0.1522334930582943,-9.619000000000003,-0.16775939896865433,-0.015751405011432063,-84.16198730468746,-0.06863477408865223,-0.1660364283417367,9.619000000000003,-0.0991246248800021,0.15028502333030463,-93.78098730468747
91,622410.888,0.08757384436927411,0.15974761558352288,1.498,-0.1684940859875326,-0.007388015270233154,0.10076408386230469,0.05606870930514912,0.12201350885876533,1.5,-0.24071581043505771,-0.03150513506412499,-0.03773410672475755,0.0020000000000000018,-0.07222172444752512,0.003014632827734079,-0.05803288503743987,0.0016000000000000016,-0.06935829364347197,1428403074547,1,0.09164243440330824,0.15929132450691505,-9.654000000000002,-0.17231365950457173,-0.032579760993404684,-84.12548828124996,-0.06363180417067027,-0.1724037567587129,9.654000000000002,-0.10868185533390146,0.1398239957653082,-93.77948828124997
92,622475.952,0.08261088773578487,0.16634199411205774,1.496,-0.16973326975644848,-0.0328350601196289,0.08518896484375,0.05606870930514912,0.12201350885876533,1.5,-0.24071581043505771,-0.02654217843063575,-0.044328485253292416,0.0040000000000000036,-0.07098254067860923,0.013870079874076395,-0.05822725020457126,0.014137500000000013,-0.06517386676181605,1428403074611,1,0.08636824110452206,0.1657135440581616,-9.724999999999996,-0.17231365950457173,-0.05268355316698296,-83.55599975585935,-0.05713487519653189,-0.1779214933392867,9.724999999999996,-0.11517878430803984,0.12523794017230372,-93.28099975585934
93,622541.137,0.07607432097089574,0.1725326509116788,1.496,-0.16809266025957412,-0.055121604919433596,0.07629200744628906,0.05606870930514912,0.12201350885876533,1.5,-0.24071581043505771,-0.020005611665746617,-0.05051914205291347,0.0040000000000000036,-0.0726231501754836,0.024143438461323642,-0.05759882296477566,0.003200000000000003,-0.07996916284805537,1428403074678,1,0.07984806806294677,0.17197578025028526,-9.631000000000013,-0.16536679180294314,-0.06196222647786514,-84.49417114257812,-0.04995073646903318,-0.1829106527577893,9.631000000000013,-0.11541605533390996,0.12094842627992416,-94.12517114257813
94,622606.842,0.0697228055255282,0.1765233144930837,1.491,-0.1671676357560171,-0.048279048919677735,0.04489798355102539,0.05606870930514912,0.12201350885876533,1.5,-0.24071581043505771,-0.01365409622037908,-0.05450980563431837,0.008999999999999897,-0.07354817467904062,0.027373419672558727,-0.04874309133241635,0.03412307692307626,-0.07781751854161151,1428403074743,1,0.07340185054527518,0.17602214205699437,-9.578000000000012,-0.15755156563861095,-0.07124089978874741,-84.20944213867192,-0.043090279967052864,-0.18578173734294937,9.578000000000012,-0.11446128567155808,0.11454083755420195,-93.78744213867192
95,622671.539,0.06312248823600804,0.17795203514329053,1.487,-0.1695761901237692,-0.044872097015380856,0.004900418758392334,1.5488128040040545,-0.07306189420485287,1.491,-0.1671676357560171,1.4856903157680466,-0.25101392934814337,0.0040000000000000036,0.0024085543677521137,0.7428451578840233,-0.12550696467407169,0.003200000000000003,0.0024085543677521137,0,1,0.06682739228696433,0.17734320658518116,-9.716000000000008,-0.14365783023535386,-0.08206601865144342,-83.96047973632814,-0.035939584303516466,-0.18607756329520356,9.716000000000008,-0.1077182459318374,0.10401154464376014,-93.67647973632815
96,622736.816,0.05589187929198475,0.176726115626089,1.494,-0.16598081186466093,-0.05070917892456055,-0.028636335372924804,1.5488128040040545,-0.07306189420485287,1.491,-0.1671676357560171,1.4929209247120698,-0.24978800983094188,-0.0029999999999998916,-0.001186823891356159,0.7872784160722953,-0.11797349151191411,-0.04191612903225739,-0.01858381546768651,0,1,0.05946817981283865,0.17664085709931937,-9.51000000000001,-0.13584260407102167,-0.07124089978874741,-84.05139160156253,-0.029466338598282276,-0.18403856035256758,9.51000000000001,-0.10637626547273939,0.11279766056382017,-93.56139160156252
97,622801.849,0.04745644225232889,0.17588395776722682,1.502,-0.16102407678899708,-0.07374146270751954,-0.018294567108154296,1.5488128040040545,-0.07306189420485287,1.491,-0.1671676357560171,1.5013563617517256,-0.2489458519720797,-0.010999999999999899,-0.006143558967020013,0.7975417199850615,-0.11979427121458326,-0.0532444444444444,-0.02974705932732408,0,1,0.050841836541835314,0.17633547593536242,-9.226000000000013,-0.12889573636939308,-0.06196222647786514,-83.87850952148436,-0.021912415217056863,-0.18220575862374047,9.226000000000013,-0.10698332115233622,0.12024353214587533,-93.10450952148437
98,622867.126,0.04036536269450888,0.17473462909209467,1.499,-0.156067341713333,-0.048536796569824216,-0.00306054949760437,1.5488128040040545,-0.07306189420485287,1.491,-0.1671676357560171,1.5084474413095457,-0.24779652329694754,-0.008000000000000007,-0.011100294042684089,0.7891797466440267,-0.11831124725547026,0.0081833333333328,-0.031753356857951075,0,1,0.04422980219056444,0.17620135142148347,-8.942000000000004,-0.10718677480180382,-0.032579760993404684,-84.14947509765626,-0.01630446263968153,-0.18093467368806013,8.942000000000004,-0.09088231216212228,0.14835491269465545,-93.09147509765624
99,622932.312,0.03901797371536492,0.17560529623412366,1.486,-0.15259413650186424,-0.021995172500610352,0.00975981616973877,1.5488128040040545,-0.07306189420485287,1.491,-0.1671676357560171,1.5097948302886897,-0.24866719043897653,0.0050000000000001155,-0.014573499254152855,0.7625036432524157,-0.12932922636227756,0.07859016393442701,-0.031654836359736954,0,0,0,0,0,0,0,0
100,622997.467,0.042243437106366306,0.17507375473058853,1.475,-0.14891149178015622,0.04903169250488281,-0.0005262916088104248,1.5488128040040545,-0.07306189420485287,1.491,-0.1671676357560171,1.5065693668976883,-0.2481356489354414,0.016000000000000014,-0.018256143975860867,0.7364352478242101,-0.12129111512089541,0.07026268656716365,-0.03474559795365793,0,0,0,0,0,0,0,0
101,623062.805,0.041765080557303096,0.16989785457976597,1.466,-0.1450194075482088,0.14030975341796875,-0.025473161697387694,1.5488128040040545,-0.07306189420485287,1.491,-0.1671676357560171,1.5070477234467514,-0.24295974878461885,0.025000000000000133,-0.02214822820780829,0.7560606009987105,-0.09403191904703828,0.06772727272727347,-0.03983952017120567,0,1,0.05124195205993192,0.17200656433116213,-8.308999999999997,0.06240790439855748,0.012569043648288947,-83.02764892578124,-0.02584712089153404,-0.17760608707344744,8.308999999999997,0.08825502529009152,0.1901751307217364,-91.33664892578122
102,623127.868,0.04793569228044589,0.16455662388608075,1.459,-0.14144148258162065,0.2535332794189453,-0.020674291610717772,1.5488128040040545,-0.07306189420485287,1.491,-0.1671676357560171,1.5008771117236086,-0.23761851809093362,0.03200000000000003,-0.025726153174396443,0.7172121850448815,-0.09004878607946946,0.06329230769230715,-0.042239653020187916,0,1,0.058290699933994286,0.16609146897701077,-8.10400000000001,0.08668009275364526,0.017040693436665855,-84.46417236328122,-0.03429462619843858,-0.17265010970064765,8.10400000000001,0.12097471895208384,0.1896908031373135,-92.56817236328123
103,623193.145,0.06276476226781062,0.15800213594997806,1.452,-0.1374446785945536,0.3952736206054687,-0.03746196746826172,1.5488128040040545,-0.07306189420485287,1.491,-0.1671676357560171,1.4860480417362438,-0.23106403015483093,0.039000000000000146,-0.029722957161463504,0.659311529003966,-0.0785308735026422,0.07071612903225885,-0.04906233129243315,0,1,0.0736720469406617,0.15836930885757056,-7.875000000000008,0.10090861696180015,0.008097393859911862,-83.46697998046876,-0.05127872109000893,-0.1669697614893928,7.875000000000008,0.15218733805180906,0.17506715534930467,-91.34197998046876
104,623258.666,0.08481164817739938,0.15040701305591558,1.462,-0.13336060814488707,0.5134794921875,-0.05636893081665039,1.5488128040040545,-0.07306189420485287,1.491,-0.1671676357560171,1.4640011558266552,-0.22346890726076846,0.029000000000000137,-0.033807027611130025,0.6217661483653847,-0.07375883916007187,-0.02679999999999992,-0.0513101866811294,0,1,0.09615901578102241,0.14958944513325564,-7.6410000000000196,0.10295597317246051,0.006081377801938035,-83.88879394531251,-0.07541492722118556,-0.161047034010172,7.6410000000000196,0.17837090039364606,0.16712841181211005,-91.52979394531253
105,623323.364,0.11450702326268294,0.1406381218457396,1.465,-0.12957324366805903,0.6252835693359375,-0.08774028778076172,1.5488128040040545,-0.07306189420485287,1.491,-0.1671676357560171,1.4343057807413715,-0.21370001605059247,0.026000000000000023,-0.03759439208795806,0.5467695907010249,-0.050798992884942204,0.003586885245901006,-0.05622077476088283,0,1,0.1253493155227897,0.13906684970708263,-7.424,0.07245156854549033,0.017040693436665855,-82.79547119140626,-0.10632956464422517,-0.15409757711285965,7.424,0.1787811331897155,0.17113827054952552,-90.21947119140626
106,623388.58,0.15052893892308356,0.13168671282602848,1.469,-0.12662363723218875,0.7174996337890625,-0.07731336212158203,1.5488128040040545,-0.07306189420485287,1.491,-0.1671676357560171,1.398283865080971,-0.20474860703088135,0.02200000000000002,-0.04054399852382834,0.5081166222201801,-0.054904710229093864,-0.0036121212121212123,-0.05395130050505688,0,1,0.16127336923241148,0.1293465164104509,-7.255000000000009,0.044775956171321234,0.03391739773458484,-82.75320434570312,-0.14364760948930586,-0.14867745363403506,7.255000000000009,0.1884235656606271,0.18259485136861991,-90.00820434570313
107,623453.918,0.19477539868223387,0.12145048344825739,1.469,-0.12346459128607903,0.8411134643554687,-0.10621810150146484,1.5488128040040545,-0.07306189420485287,1.491,-0.1671676357560171,1.3540374053218207,-0.19451237765311025,0.02200000000000002,-0.04370304446993806,0.43120503733229754,-0.04038824783893788,0.017600000000000015,-0.05874612040379386,0,1,0.2052599818260184,0.11758083428361732,-7.074000000000009,0.008304900737771178,0.03391739773458484,-82.4664611816406,-0.18921731139265677,-0.14196380453968976,7.074000000000009,0.19752221213042795,0.17588120227427462,-89.54046118164061
108,623519.012,0.24603585780788984,0.11132354956175437,1.465,-0.12058479802028835,0.9274459838867187,-0.09597460174560547,1.5488128040040545,-0.07306189420485287,1.491,-0.1671676357560171,1.3027769461961647,-0.18438544376660726,0.026000000000000023,-0.046582837735728744,0.39508617746980224,-0.04155805245078871,0.04080000000000003,-0.05892480887483169,0,1,0.255346519447766,0.10748647792938781,-6.909000000000007,-0.06876279788148147,0.07992995055802216,-82.61505126953124,-0.24056246296503506,-0.13742230293496477,6.909000000000007,0.1717996650835536,0.21735225349298692,-89.52405126953124
109,623584.106,0.3102088101673143,0.09849487588638534,1.468,-0.11826351011513594,0.9787523193359375,-0.0752396240234375,1.5488128040040545,-0.07306189420485287,1.491,-0.1671676357560171,1.2386039938367404,-0.1715567700912382,0.02300000000000013,-0.048904125640881146,0.23861499139636144,-0.009676083581565409,0.0006033898305092267,-0.060707284480639126,0,0,0,0,0,0,0,0
110,623649.475,0.3684633186361387,0.09294266147027429,1.468,-0.11648327427810148,1.03944580078125,-0.06436314392089844,1.5488128040040545,-0.07306189420485287,1.491,-0.1671676357560171,1.1803494853679157,-0.16600455567512717,0.02300000000000013,-0.05068436147791561,0.3030046305136956,-0.05563220677222751,0.018400000000000107,-0.058206484732990796,0,1,0.3785148908495677,0.08605782747469905,-6.673999999999997,-0.1546416327853446,0.10038334574444212,-82.9931640625,-0.36594823717459807,-0.12946567102258938,6.673999999999997,0.21130660438925347,0.2298490167670315,-89.6671640625
111,623714.416,0.4321134984775459,0.08807103952803054,1.466,-0.1148077581961873,1.1233045654296876,-0.07438400268554687,1.5488128040040545,-0.07306189420485287,1.491,-0.1671676357560171,1.1166993055265086,-0.1611329337328834,0.025000000000000133,-0.05235987755982979,0.19903412140047244,-0.05306537525700103,0.03129032258064528,-0.060467213440059724,0,1,0.44226648997115464,0.07931396555615146,-6.578000000000017,-0.2028349767203718,0.10324282767534222,-83.91021728515625,-0.4302691043253165,-0.12945598150235346,6.578000000000017,0.22743412760494472,0.2326988091776957,-90.48821728515628
112,623779.663,0.49993653242826086,0.08430673750753892,1.46,-0.1141794396654692,1.168561767578125,-0.07365538787841797,1.5488128040040545,-0.07306189420485287,1.491,-0.1671676357560171,1.0488762715757938,-0.1573686317123918,0.03100000000000014,-0.05298819609054789,0.1592371837455861,-0.058414997284318024,0.05710769230769244,-0.055888127770785265,0,1,0.5089422501758901,0.07426864422616397,-6.54200000000001,-0.2918318077423559,0.11077993150241844,-83.296875,-0.49716678814508314,-0.13176961066495116,6.54200000000001,0.20533498040272724,0.2425495421673696,-89.838875
113,623844.818,0.5713447273919302,0.08363147786925129,1.461,-0.11416198637294932,1.2106043701171876,-0.03937653350830078,1.5488128040040545,-0.07306189420485287,1.491,-0.1671676357560171,0.9774680766121243,-0.15669337207410416,0.030000000000000027,-0.053005649383067774,0.10422837311707284,-0.0747106726001187,0.018615384615384034,-0.053086203040851855,0,1,0.5798188938100679,0.07250366279458548,-6.541000000000014,-0.3693351407036774,0.12161876889757836,-82.51696777343753,-0.5677854231174156,-0.13808129501543306,6.541000000000014,0.19845028241373824,0.2597000639130114,-89.05796777343753
114,623909.973,0.6550262856364697,0.08407029488537762,1.459,-0.1119279649303964,1.3885201416015625,-0.04014058685302734,1.5488128040040545,-0.07306189420485287,1.491,-0.1671676357560171,0.8937865183675848,-0.1571321890902305,0.03200000000000003,-0.05523967082562069,0.0031274200082042625,-0.08089315447911852,0.03620606060606064,-0.06539431374631575,0,1,0.6630053353727406,0.07042805022026204,-6.413000000000003,-0.45548048506393296,0.10994589976250255,-83.45263671874997,-0.6509902277833055,-0.14404134240275618,6.413000000000003,0.19550974271937255,0.2539872421652587,-89.86563671874998
115,623975.219,0.7510928828101111,0.06833820917971782,1.439,-0.11173597871267708,1.45833984375,-0.07355313110351562,1.5488128040040545,-0.07306189420485287,1.491,-0.1671676357560171,0.7977199211939434,-0.1414001033845707,0.052000000000000046,-0.05543165704334001,-0.13484335703436934,0.016700424450269008,0.15271111111111124,-0.05634587712771772,0,0,0,0,0,0,0,0
116,624040.283,0.8567570140113487,0.04947667931762844,1.435,-0.11178833859023699,1.6066251220703125,-0.10442964935302734,1.5488128040040545,-0.07306189420485287,1.491,-0.1671676357560171,0.6920557899927058,-0.12253857352248132,0.05600000000000005,-0.055379297165780106,-0.2059489097862317,0.03726109311534567,0.06569552238805976,-0.05514484995282532,0,0,0,0,0,0,0,0
117,624105.499,0.9632601910323622,0.027858224226972546,1.435,-0.11245156370599466,1.6237509765625,-0.1440372772216797,1.5488128040040545,-0.07306189420485287,1.491,-0.1671676357560171,0.5855526129716924,-0.10092011843182541,0.05600000000000005,-0.054716072050022435,-0.2807023390119183,0.06594700665684985,0.04480000000000004,-0.0516550330542178,0,0,0,0,0,0,0,0
118,624170.715,1.074354217874166,-0.000278332472094819,1.443,-0.11189305834535658,1.703245361328125,-0.23238691711425782,1.5488128040040545,-0.07306189420485287,1.491,-0.1671676357560171,0.47445858612988845,-0.07278356173275806,0.04800000000000004,-0.05527457741066051,-0.36096931300630763,0.11511275520552208,-0.004676923076923072,-0.05785229445975932,0,0,0,0,0,0,0,0
119,624235.778,1.180985408873975,-0.030194187530669978,1.454,-0.11164871225007755,1.639571533203125,-0.26733551025390623,1.5488128040040545,-0.07306189420485287,1.491,-0.1671676357560171,0.36782739513007945,-0.042867706674182895,0.037000000000000144,-0.05551892350593954,-0.3902542539723932,0.13965152005523634,-0.029630769230768562,-0.056646674714919666,0,0,0,0,0,0,0,0
120,624301.025,1.2853685992706334,-0.056779141160424,1.466,-0.11081095420912024,1.6004293212890626,-0.22184066772460936,1.5488128040040545,-0.07306189420485287,1.491,-0.1671676357560171,0.2634442047334211,-0.016282753044428874,0.025000000000000133,-0.05635668154689685,-0.4303412305383727,0.13500837379184566,-0.04461538461538455,-0.060223257120546,0,0,0,0,0,0,0,0
121,624366.241,1.3787558521119574,-0.08248554560160862,1.474,-0.10955431714768427,1.434858154296875,-0.22832362365722655,1.5488128040040545,-0.07306189420485287,1.491,-0.1671676357560171,0.17005695189209713,0.009423651396755744,0.017000000000000126,-0.057613318608332825,-0.3819077882605713,0.13324384790430094,-0.026399999999999927,-0.06299890601448699,0,0,0,0,0,0,0,0
122,624431.457,1.463524885218491,-0.1056239602488086,1.479,-0.10740756216773106,1.3018602294921875,-0.20597175598144532,1.5488128040040545,-0.07306189420485287,1.491,-0.1671676357560171,0.08528791878556352,0.03256206604395573,0.01200000000000001,-0.05976007358828603,-0.4282951134212938,0.14482778106197777,-0.018177777777778403,-0.06998271634996794,1428403076568,0,0,0,0,0,0,0
123,624496.612,1.5385108273315162,-0.12446585865113174,1.489,-0.10581931254841637,1.14860546875,-0.16042108154296875,1.5488128040040545,-0.07306189420485287,1.491,-0.1671676357560171,0.010301976672538293,0.05140396444627887,0.0020000000000000018,-0.061348323207600725,-0.41143757895831545,0.1303791955693791,-0.05395555555555559,-0.0689114166329088,1428403076568,0,0,0,0,0,0,0
124,624561.767,1.602247313910324,-0.1375893585917235,1.499,-0.10529571377281811,0.971491455078125,-0.09477181243896485,1.5488128040040545,-0.07306189420485287,1.491,-0.1671676357560171,-0.05343450990626941,0.06452746438687063,-0.008000000000000007,-0.06187192198319898,-0.3699137211467146,0.10292873187354476,-0.060246153846153894,-0.06428853171672937,1428403076568,0,0,0,0,0,0,0
125,624626.77,1.6545539944432477,-0.14755915420602028,1.5,-0.1059763921810959,0.7959722900390624,-0.06625621032714844,1.5488128040040545,-0.07306189420485287,1.491,-0.1671676357560171,-0.10574119043919317,0.07449726000116741,-0.008999999999999897,-0.061191243574921186,-0.33452195193533985,0.09093214484679715,-0.012584615384614709,-0.05804965092133138,0,0,0,0,0,0,0,0
126,624692.108,1.696151544461947,-0.15163341842903916,1.51,-0.10609856522873541,0.6269271850585938,0.005230568885803223,1.5488128040040545,-0.07306189420485287,1.491,-0.1671676357560171,-0.14733874045789253,0.07857152422418628,-0.018999999999999906,-0.06106907052728168,-0.2976561780219428,0.06122410792834862,-0.06904615384615381,-0.06050519492279165,0,0,0,0,0,0,0,0
127,624757.141,1.7284772710457073,-0.15255071727332503,1.506,-0.10574949937833657,0.4836164245605469,0.03766712188720703,1.5488128040040545,-0.07306189420485287,1.491,-0.1671676357560171,-0.17966446704165273,0.07948882306847216,-0.014999999999999902,-0.061418136377680524,-0.2638938382026121,0.04468371300346771,0.009538461538461633,-0.06302920953336749,0,0,0,0,0,0,0,0
