n,time,state.x,state.y,state.z,state.yaw,state.vx,state.vy,goal.x,goal.y,goal.z,goal.yaw,error.ex,error.ey,error.ez,error.eyaw,control.ux,control.uy,control.uz,control.uyaw,last_OK,ekf.s.x,ekf.s.y,ekf.s.yaw
0,646045.562,-0.04848011986966658,0.14936557736860698,0.783,-0.010908307824964528,0.037724071502685544,0.057146610260009764,-0.06794656025996373,0.14475775207829103,1.5,-0.012130038301360481,-0.019466440390297157,-0.004607825290315948,0.717,-0.001221730476395953,-0.009733220195148579,-0.002303912645157974,0.5736,-0.001221730476395953,0,1,-0.0653855956072971,0.14853674027074112,-0.6249999999999982,0.02545010392438812,-0.0728689663408586,90.82246398925781,0.06700195784441708,-0.14781467101811496,0.6249999999999982,-0.041551853920028956,0.07494570467725636,90.19746398925783
1,646110.839,-0.03061277796718184,0.15543638535046367,0.786,-0.01087340123992451,0.03499835205078125,0.08722607421875,-0.06794656025996373,0.14475775207829103,1.5,-0.012130038301360481,-0.03733378229278189,-0.010678633272172638,0.714,-0.0012566370614359706,-0.10929833557928452,-0.03613327016724344,0.5559826086956522,-0.0014084048224795255,0,1,-0.0460836038815274,0.1551548520004178,-0.6229999999999907,0.021636650193599543,-0.07739651175159026,91.55422973632812,0.04776790737297661,-0.15464460440373534,0.6229999999999907,-0.02613125717937707,0.07724809265214508,90.93122973632813
2,646175.842,-0.016850708290921466,0.1625813047656987,0.793,-0.008604473212332023,-0.008314696311950684,0.10861947631835937,-0.06794656025996373,0.14475775207829103,1.5,-0.012130038301360481,-0.05109585196904227,-0.01782355268740768,0.707,-0.003525565089028458,-0.0996513780874616,-0.04738441934881559,0.5279076923076923,-0.013997540600993784,0,1,-0.0310883222948064,0.16268328285330017,-0.49299999999999883,0.021636650193599543,-0.0826786480641106,91.20137786865233,0.03248695813607923,-0.16240976526704684,0.49299999999999883,-0.010850307942479685,0.07973111720293624,90.70837786865233
3,646241.149,-0.0037451340888157453,0.16918369045956974,0.805,-0.005881759579220639,0.0005180619955062867,0.1188367919921875,-0.06794656025996373,0.14475775207829103,1.5,-0.012130038301360481,-0.06420142617114799,-0.02442593838127871,0.695,-0.006248278722139842,-0.10608379325875146,-0.0494845013334597,0.4882580645161289,-0.019422699527517507,0,1,-0.01674800441134394,0.17050316711679256,-0.3369999999999856,0.02545010392438812,-0.07739651175159026,91.1580810546875,0.017750567566925918,-0.1704017106711998,0.3369999999999856,0.007699536357462202,0.09300519891960954,90.82108105468751
4,646306.121,0.011155495949304836,0.17568769680999602,0.821,-0.0012391837689160554,0.03563739013671875,0.12807614135742187,-0.06794656025996373,0.14475775207829103,1.5,-0.012130038301360481,-0.07910205620926856,-0.03092994473170499,0.679,-0.010890854532444426,-0.11624544741849016,-0.04894147564010539,0.46084705882352994,-0.031372806636729346,0,1,-0.0013191285936923842,0.17770797823346227,-0.07100000000000467,0.022657712761391467,-0.08026304922387137,92.1592330932617,0.001539340366755994,-0.17770620714906576,0.07100000000000467,0.021118372394635473,0.0974431579251944,92.08823309326172
5,646371.337,0.024280255228645707,0.18414824675314248,0.847,0.004258603374866407,0.008665607452392579,0.15445025634765625,-0.06794656025996373,0.14475775207829103,1.5,-0.012130038301360481,-0.09222681548860945,-0.03939049467485145,0.653,-0.01638864167622689,-0.11467558308414515,-0.06389215002550425,0.3865791044776119,-0.04100559903644688,0,1,0.011745962149360186,0.18598365677567813,0.2440000000000139,0.012850115611481694,-0.09619455947936582,91.7634506225586,-0.012537883873294133,-0.1859319490632184,-0.2440000000000139,0.025387999484775825,0.08973738958385256,92.00745062255861
6,646436.645,0.03689675088663578,0.1950294643823219,0.876,0.00979129710368844,-0.0032654819488525393,0.19795309448242188,-0.06794656025996373,0.14475775207829103,1.5,-0.012130038301360481,-0.1048433111465995,-0.05027171230403088,0.624,-0.02192133540504892,-0.1248113847584886,-0.08756907205714332,0.3328065573770491,-0.049131304563190065,0,1,0.024006358328236017,0.19734407296150816,0.5610000000000145,0.004352568458952365,-0.10339174979973573,92.19723510742188,-0.025937431174778595,-0.1970995637673365,-0.5610000000000145,0.03028999963373096,0.09370781396760078,92.7582351074219
7,646501.708,0.04915105073779072,0.2080358224678515,0.914,0.014852751934471903,-0.015560946464538573,0.22432969665527344,-0.06794656025996373,0.14475775207829103,1.5,-0.012130038301360481,-0.11709761099775445,-0.06327807038956046,0.586,-0.026982790235832384,-0.12556450780988085,-0.1027675559750201,0.2609874999999998,-0.05070835975512987,0,1,0.035712974608379654,0.20997390332484095,0.8510000000000091,-0.006255383177666124,-0.12525285399335925,92.29539489746094,-0.03882761109799605,-0.20942032673375144,-0.8510000000000091,0.032572227920329926,0.08416747274039219,93.14639489746094
8,646566.864,0.05872841768055926,0.22347955715011356,0.942,0.01820378409830094,-0.06743775939941406,0.24738789367675781,-0.06794656025996373,0.14475775207829103,1.5,-0.012130038301360481,-0.126674977940523,-0.07872180507182253,0.558,-0.030333822399661422,-0.11490792635439975,-0.12251947390193776,0.2956307692307698,-0.04580012469425698,0,1,0.04441074560922498,0.22445975628685236,1.0430000000000048,-0.019248705049181174,-0.15561940872195815,92.32466125488281,-0.04848917872257763,-0.22361416785331462,-1.0430000000000048,0.029240473673396456,0.06799475913135647,93.3676612548828
9,646632.141,0.06562546438738719,0.24269099634793398,0.97,0.016807520696705564,-0.12161679077148438,0.27564053344726563,-0.06794656025996373,0.14475775207829103,1.5,-0.012130038301360481,-0.1335720246473509,-0.09793324426964295,0.53,-0.028937558998066045,-0.10177103185106345,-0.14641595139912794,0.2819710144927536,-0.022866848556347016,0,1,0.050287480052771005,0.24170496385717444,0.9630000000000098,-0.03193467179156059,-0.20473680255083632,92.10203552246094,-0.05434264721158592,-0.2408256566425034,-0.9630000000000098,0.02240797542002533,0.036088854091667094,93.06503552246095
10,646697.235,0.07030814232404456,0.26350423094565406,1.001,0.01577777643802893,-0.16181863403320312,0.27744503784179686,-0.06794656025996373,0.14475775207829103,1.5,-0.012130038301360481,-0.1382547025840083,-0.11874647886736303,0.4990000000000001,-0.02790781473938941,-0.09690594922132763,-0.1828415802676142,0.21530169491525486,-0.022671826983406522,0,1,0.05452821625786546,0.26100341025915447,0.9040000000000109,-0.03396432892125331,-0.2472081596033586,91.64161682128905,-0.05863931192179549,-0.26011062575856336,-0.9040000000000109,0.024674983000542175,0.012902466155204767,92.54561682128906
11,646762.481,0.06881271254008842,0.29090195069829816,1.021,0.017104226669544493,-0.2691901550292969,0.3535054321289062,-0.06794656025996373,0.14475775207829103,1.5,-0.012130038301360481,-0.13675927280005215,-0.14614419862000713,0.4790000000000001,-0.029234264970904974,-0.06068257133554593,-0.21408977450743644,0.2802588235294118,-0.035086251286414814,0,1,0.05199254578173316,0.2867851900564503,0.9800000000000036,-0.03362887149777619,-0.29057976246648726,91.66349029541016,-0.05688994036339277,-0.28585399199246725,-0.9800000000000036,0.023261068865616574,-0.004725770474020008,92.64349029541016
12,646827.606,0.06509134740178507,0.3208572274580358,1.041,0.021415189921970352,-0.315827880859375,0.37588592529296877,-0.06794656025996373,0.14475775207829103,1.5,-0.012130038301360481,-0.1330379076617488,-0.17609947537974477,0.4590000000000001,-0.033545228223330836,-0.04616773823077798,-0.2518676574696876,0.25782499999999997,-0.053752868469077064,0,1,0.04733200533144936,0.3155972316843253,1.2269999999999959,-0.029485860037166377,-0.32562631768289196,91.55497741699219,-0.05407921034740292,-0.31451131996115406,-1.2269999999999959,0.024593350310236545,-0.011114997721737907,92.78197741699218
13,646892.822,0.041777135476625774,0.34467151061719437,1.051,0.028169614127188564,-0.3419837646484375,0.36462094116210936,-0.06794656025996373,0.14475775207829103,1.5,-0.012130038301360481,-0.10972369573658951,-0.19991375853890334,0.44900000000000007,-0.04029965242854905,0.06692881144223889,-0.22435985099639938,0.3069611940298508,-0.07054334289967537,0,0,0,0,0,0,0,0
14,646958.038,-0.014681870732400295,0.31941602300690136,1.063,0.03462733235956762,-0.4074563903808594,0.3548467712402344,-0.06794656025996373,0.14475775207829103,1.5,-0.012130038301360481,-0.05326468952756344,-0.17465827092861033,0.43700000000000006,-0.0467573706609281,0.2639654813120877,0.04266234488279118,0.2878352941176471,-0.07524730403907098,0,1,0.013957848017639133,0.36755348521230397,1.9840000000000073,0.16877634925755167,0.47391437296627104,-85.77496337890626,-0.02667433413606908,-0.36684992287227236,-1.9840000000000073,0.19545068339362076,0.8407642958385434,-83.79096337890624
15,647023.132,-0.06916465773732222,0.2953309693718351,1.079,0.0442615498305763,-0.41336080932617186,0.3205831298828125,-0.06794656025996373,0.14475775207829103,1.5,-0.012130038301360481,0.0012180974773584874,-0.1505732172935441,0.42100000000000004,-0.05639158813193678,0.30817316892775465,0.06067740380924706,0.2464774193548387,-0.10300876944326909,0,1,-0.042962652985142145,0.3398213716266653,2.536000000000006,0.1810157276994674,0.42502685104881877,-86.42227172851562,0.02788446616607861,-0.3413895292951773,-2.536000000000006,0.15313126153338877,0.7664163803439961,-83.88627172851564
16,647088.226,-0.0986430441333939,0.31332719808008597,1.089,0.05331980864842679,-0.4297985229492188,0.28924404907226564,-0.06794656025996373,0.14475775207829103,1.5,-0.012130038301360481,0.030696483873430172,-0.16856944600179494,0.41100000000000003,-0.06544984694978727,0.1765581675402321,-0.1827015987491443,0.2741125,-0.10791043515846144,0,0,0,0,0,0,0,0
17,647153.594,-0.1263857405456036,0.32797129414131004,1.1,0.06361725123519357,-0.40384228515625,0.24152728271484375,-0.06794656025996373,0.14475775207829103,1.5,-0.012130038301360481,0.05843918028563985,-0.183213542063019,0.3999999999999999,-0.07574728953655405,0.16994341252359363,-0.16588841771887802,0.264202898550724,-0.12051877904423569,0,0,0,0,0,0,0,0
18,647218.566,-0.14686116132863697,0.33607017192091426,1.117,0.06983062337229318,-0.29878680419921877,0.14076309204101561,-0.06794656025996373,0.14475775207829103,1.5,-0.012130038301360481,0.07891460106867323,-0.19131241984262323,0.383,-0.08196066167365365,0.15504435334178313,-0.14137568125778704,0.21043225806451665,-0.11202536556284529,0,0,0,0,0,0,0,0
19,647283.782,-0.1610249355263939,0.3388235196300971,1.142,0.07175048554948704,-0.20905714416503907,0.056023483276367185,-0.06794656025996373,0.14475775207829103,1.5,-0.012130038301360481,0.09307837526643017,-0.19406576755180607,0.3580000000000001,-0.08388052385084752,0.12280566408267553,-0.11185860220996449,0.15178461538461596,-0.09274142620712689,0,0,0,0,0,0,0,0
20,647348.968,-0.16919957397886845,0.33697635750284594,1.159,0.07353072138652128,-0.12429039764404297,-0.018845674514770507,-0.06794656025996373,0.14475775207829103,1.5,-0.012130038301360481,0.10125301371890472,-0.1922186054245549,0.34099999999999997,-0.08566075968788175,0.09464379083431526,-0.08616304510400194,0.18126153846153775,-0.09387723278188594,0,0,0,0,0,0,0,0
21,647414.306,-0.1722084979920119,0.3309098416411649,1.17,0.07384488065188033,-0.05169700241088867,-0.08743611145019531,-0.06794656025996373,0.14475775207829103,1.5,-0.012130038301360481,0.10426193773204817,-0.18615208956287385,0.33000000000000007,-0.0859749189532408,0.06761807775720363,-0.061851330787490326,0.20738235294117707,-0.08736091571217779,0,0,0,0,0,0,0,0
22,647479.492,-0.17045244487153804,0.3210431656789762,1.179,0.07560766319639467,0.01534988784790039,-0.1495401611328125,-0.06794656025996373,0.14475775207829103,1.5,-0.012130038301360481,0.10250588461157431,-0.17628541360068514,0.32099999999999995,-0.08773770149775514,0.04207953048241624,-0.036600369684431415,0.20978507462686502,-0.09563075766722234,0,0,0,0,0,0,0,0
23,647544.525,-0.1644641236640477,0.308049494177032,1.191,0.07749261878854852,0.07484591674804687,-0.2011332244873047,-0.06794656025996373,0.14475775207829103,1.5,-0.012130038301360481,0.09651756340408396,-0.16329174209874095,0.30899999999999994,-0.08962265708990899,0.012122360622358844,-0.003235784399707259,0.17478620689655167,-0.09937242739415303,0,0,0,0,0,0,0,0
24,647609.741,-0.1739802124538554,0.287206094332834,1.2,0.07775441817634765,-0.16651686096191406,-0.3006623840332031,-0.06794656025996373,0.14475775207829103,1.5,-0.012130038301360481,0.10603365219389166,-0.14244834225454298,0.30000000000000004,-0.08988445647770812,0.10128684169741965,0.034503219386776196,0.1943478260869571,-0.09102271468553044,0,0,0,0,0,0,0,0
25,647675.048,-0.17956288518311334,0.2644901514152434,1.217,0.07806857744170671,-0.1099543685913086,-0.33320504760742187,-0.06794656025996373,0.14475775207829103,1.5,-0.012130038301360481,0.1116163249231496,-0.11973239933695237,0.2829999999999999,-0.0901986157430672,0.08541324511673055,0.06059713398541336,0.13624848484848412,-0.09162661240379028,0,0,0,0,0,0,0,0
26,647740.051,-0.18461943882239473,0.24135872881835582,1.231,0.07855726963226474,-0.10267733764648437,-0.33999917602539065,-0.06794656025996373,0.14475775207829103,1.5,-0.012130038301360481,0.116672878562431,-0.09660097674006479,0.2689999999999999,-0.09068730793362523,0.08598946699603563,0.07819947895669654,0.13863749999999989,-0.09297805257686598,0,0,0,0,0,0,0,0
27,647805.511,-0.18954908068831652,0.2147177088728386,1.243,0.07817329719682634,-0.10507698822021484,-0.3925799560546875,-0.06794656025996373,0.14475775207829103,1.5,-0.012130038301360481,0.12160252042835279,-0.06995995679454756,0.2569999999999999,-0.09030333549818681,0.08617441687700914,0.10214291838112373,0.14383529411764692,-0.0886093394594879,0,0,0,0,0,0,0,0
28,647870.574,-0.19311755880659012,0.19051370891961558,1.26,0.07634070148223218,-0.08171640014648437,-0.35777108764648435,-0.06794656025996373,0.14475775207829103,1.5,-0.012130038301360481,0.1251709985466264,-0.04575595684132455,0.24,-0.08847073978359266,0.08273013381195447,0.11375750518624178,0.09603225806451667,-0.07960334116458868,0,0,0,0,0,0,0,0
29,647935.852,-0.19514508032017097,0.1692801495483314,1.272,0.07663740745507111,-0.054615406036376955,-0.3152562561035156,-0.06794656025996373,0.14475775207829103,1.5,-0.012130038301360481,0.12719852006020724,-0.02452239747004037,0.22799999999999998,-0.08876744575643158,0.07451668356476973,0.10207335172574078,0.11778461538461535,-0.09013685793876511,0,0,0,0,0,0,0,0
30,648001.159,-0.19543005361923124,0.1513527912458366,1.287,0.07475245186291726,-0.024850479125976564,-0.26779379272460935,-0.06794656025996373,0.14475775207829103,1.5,-0.012130038301360481,0.1274834933592675,-0.006595039167545558,0.21300000000000008,-0.08688249016427774,0.06532493167441303,0.09629891543008728,0.08706666666666729,-0.07790651115402132,0,0,0,0,0,0,0,0
31,648066.07,-0.1940204367347804,0.13699508509621672,1.301,0.0733910950463619,0.005001087665557861,-0.21634326171875,-0.06794656025996373,0.14475775207829103,1.5,-0.012130038301360481,0.12607387647481666,0.007762666982074312,0.19900000000000007,-0.08552113334772238,0.05578155721449955,0.0777812916140806,0.08714117647058825,-0.07951514739233109,0,0,0,0,0,0,0,0
32,648131.225,-0.19295298406449377,0.11434074385810974,1.308,0.07394960040699997,-0.008948333740234375,-0.34007443237304685,-0.06794656025996373,0.14475775207829103,1.5,-0.012130038301360481,0.12500642380453003,0.030417008220181285,0.19199999999999995,-0.08607963870836044,0.056665580111635014,0.13909943275598813,0.11531874999999932,-0.08869763258635135,0,0,0,0,0,0,0,0
33,648196.563,-0.19446600532464361,0.09733215823629716,1.318,0.07391469382196017,-0.041482772827148434,-0.25275473022460937,-0.06794656025996373,0.14475775207829103,1.5,-0.012130038301360481,0.12651944506467988,0.047425593841993866,0.18199999999999994,-0.08604473212332064,0.07128332012404369,0.11390984188515454,0.09256969696969689,-0.08588606582768521,0,0,0,0,0,0,0,0
34,648261.566,-0.19425680778152218,0.08149471702414843,1.328,0.07620107514207256,-0.014413914680480956,-0.23714469909667968,-0.06794656025996373,0.14475775207829103,1.5,-0.012130038301360481,0.12631024752155845,0.0632630350541426,0.17199999999999993,-0.08833111344343303,0.06202867545166383,0.1169100471309491,0.08375384615384607,-0.0988836426131825,0,0,0,0,0,0,0,0
35,648326.782,-0.19138254548814526,0.06313957949578303,1.336,0.0766199541625512,0.022028902053833007,-0.27781024169921875,-0.06794656025996373,0.14475775207829103,1.5,-0.012130038301360481,0.12343598522818153,0.081618172582508,0.16399999999999992,-0.08874999246391169,0.045492318377285554,0.14442679814492965,0.08603870967741928,-0.09077682643396971,0,0,0,0,0,0,0,0
36,648391.937,-0.19025965623509222,0.04744715811829654,1.343,0.07630579489719237,-0.0012237253189086915,-0.23598500061035158,-0.06794656025996373,0.14475775207829103,1.5,-0.012130038301360481,0.12231309597512849,0.09731059395999449,0.15700000000000003,-0.08843583319855286,0.05537697094979125,0.12942511289353062,0.08957058823529468,-0.08704983643961686,0,0,0,0,0,0,0,0
37,648457.153,-0.1879699776745004,0.031138771294675335,1.354,0.0780162175641468,0.015596981048583985,-0.24653216552734375,-0.06794656025996373,0.14475775207829103,1.5,-0.012130038301360481,0.12002341741453668,0.1136189807836157,0.1459999999999999,-0.09014625586550729,0.04768267030408166,0.1446238809805374,0.05756923076923006,-0.09804051432837387,0,0,0,0,0,0,0,0
38,648522.552,-0.18401876333623918,0.017806476647645442,1.357,0.08045967851693893,0.0435017318725586,-0.20399531555175782,-0.06794656025996373,0.14475775207829103,1.5,-0.012130038301360481,0.11607220307627544,0.12695127543064558,0.14300000000000002,-0.09258971681829942,0.03708269216857058,0.13417720023745094,0.09849090909090968,-0.1036963575128091,0,0,0,0,0,0,0,0
39,648587.677,-0.17600808272205204,0.003305334820324437,1.361,0.08152432936065536,0.10228899383544922,-0.22647105407714843,-0.06794656025996373,0.14475775207829103,1.5,-0.012130038301360481,0.1080615224620883,0.1414524172579666,0.139,-0.09365436766201585,0.009526980041115615,0.15128810766965559,0.08897777777777778,-0.09872413358447504,0,0,0,0,0,0,0,0
40,648652.648,-0.1671009139721586,-0.00781989530007678,1.369,0.08356636458548873,0.1195741958618164,-0.17720440673828125,-0.06794656025996373,0.14475775207829103,1.5,-0.012130038301360481,0.09915435371219486,0.15257764737836782,0.131,-0.09569640288684922,0.003047190849191375,0.1344056974524739,0.06300895522388057,-0.10483984419207328,0,0,0,0,0,0,0,0
41,648717.987,-0.15789522106575457,-0.015684296683589734,1.364,0.08435176274888613,0.1277570037841797,-0.12908023071289063,-0.06794656025996373,0.14475775207829103,1.5,-0.012130038301360481,0.08994866080579084,0.16044204876188076,0.1359999999999999,-0.09648180105024662,-0.004594785246972398,0.12256780106139464,0.13572307692307628,-0.10010671565054231,0,0,0,0,0,0,0,0
42,648782.928,-0.1485802046116073,-0.020266521215346084,1.364,0.08606218541584056,0.13343754577636718,-0.0802610855102539,-0.06794656025996373,0.14475775207829103,1.5,-0.012130038301360481,0.08063364435164358,0.1650242732936371,0.1359999999999999,-0.09819222371720104,-0.00984095873112497,0.10718565335627586,0.10879999999999992,-0.10608648218006762,0,0,0,0,0,0,0,0
43,648848.114,-0.13434674030908406,-0.022162600248147733,1.366,0.08691739674931777,0.21026708984375,-0.046687694549560545,-0.06794656025996373,0.14475775207829103,1.5,-0.012130038301360481,0.06640018004912032,0.16692035232643876,0.1339999999999999,-0.09904743505067826,-0.04344164083518044,0.09366983249368978,0.09643076923076914,-0.10299456428211154,0,0,0,0,0,0,0,0
44,648913.269,-0.12131037625681508,-0.023854628294673053,1.366,0.08763298174263535,0.19260406494140625,-0.042259521484375,-0.06794656025996373,0.14475775207829103,1.5,-0.012130038301360481,0.053363815996851346,0.16861238037296408,0.1339999999999999,-0.09976302004399584,-0.042450325612091604,0.093279066190783,0.10719999999999992,-0.10301567910453033,0,0,0,0,0,0,0,0
45,648978.576,-0.10576388976032959,-0.021655261101115406,1.375,0.08854055295367248,0.23518980407714843,0.01245428466796875,-0.06794656025996373,0.14475775207829103,1.5,-0.012130038301360481,0.03781732950036586,0.16641301317940643,0.125,-0.10067059125503297,-0.06353482424633103,0.07154319571477628,0.05227272727272783,-0.10479591494156537,0,0,0,0,0,0,0,0
46,649043.762,-0.09209157829606902,-0.01781037982408976,1.372,0.0877726080827952,0.20938107299804687,0.03931270980834961,-0.06794656025996373,0.14475775207829103,1.5,-0.012130038301360481,0.02414501803610529,0.16256813190238079,0.1279999999999999,-0.09990264638415569,-0.061547629635658095,0.06058085907489845,0.11855384615384548,-0.09635828544164517,0,0,0,0,0,0,0,0
47,649108.978,-0.08249659632886469,-0.012962694028037146,1.373,0.08953539062730932,0.14974490356445314,0.05981893157958985,-0.06794656025996373,0.14475775207829103,1.5,-0.012130038301360481,0.014550036068900957,0.15772044610632818,0.127,-0.10166542892866981,-0.04519753959869822,0.05234944135600142,0.09613125000000061,-0.10992847210607974,0,0,0,0,0,0,0,0
48,649174.407,-0.07488326911832835,-0.007734369396156387,1.376,0.09112364024662402,0.12075489044189452,0.06789945220947266,-0.06794656025996373,0.14475775207829103,1.5,-0.012130038301360481,0.006936708858364615,0.1524921214744474,0.12400000000000011,-0.1032536785479845,-0.038167028753438303,0.04765366040662571,0.0827937500000007,-0.11069859863852215,0,0,0,0,0,0,0,0
49,649239.44,-0.06959878235907549,-0.0005997568112896751,1.381,0.09213593121278096,0.08867691802978515,0.09936204528808594,-0.06794656025996373,0.14475775207829103,1.5,-0.012130038301360481,0.0016522220991117553,0.1453575088895807,0.119,-0.10426596951414144,-0.026779416797287417,0.03540839019548673,0.06908059701492478,-0.10879861563126203,0,0,0,0,0,0,0,0
50,649304.351,-0.06568908246921283,0.006686913083381901,1.387,0.09286896949861867,0.06845297241210938,0.10344073486328124,-0.06794656025996373,0.14475775207829103,1.5,-0.012130038301360481,-0.002257477790750903,0.13807083899490913,0.11299999999999999,-0.10499900779997914,-0.022180969071558997,0.029799504679992206,0.058092307692307665,-0.10838226142692241,0,0,0,0,0,0,0,0
51,649369.506,-0.0632611672441214,0.0156327139304945,1.395,0.09136798634190346,0.048705696105957035,0.13023146057128906,-0.06794656025996373,0.14475775207829103,1.5,-0.012130038301360481,-0.004685393015842337,0.12912503814779652,0.10499999999999998,-0.10349802464326394,-0.01541608618149043,0.016392822204830383,0.04092307692307688,-0.09657041007380913,0,0,0,0,0,0,0,0
52,649434.661,-0.061213560692820454,0.024366790588722355,1.407,0.08852309966115257,0.0425395622253418,0.1276623001098633,-0.06794656025996373,0.14475775207829103,1.5,-0.012130038301360481,-0.00673299956714328,0.12039096148956868,0.09299999999999997,-0.10065313796251305,-0.014392073521345946,0.01316583720048059,0.009784615384615322,-0.08752289174366278,0,0,0,0,0,0,0,0
53,649499.847,-0.061624790921372116,0.03217101859906352,1.406,0.0864636111437993,0.004204987525939941,0.11715038299560547,-0.06794656025996373,0.14475775207829103,1.5,-0.012130038301360481,-0.006321769338591618,0.11258673347922751,0.09400000000000008,-0.09859364944515978,-0.0008762722884532409,0.0129365444599406,0.08075555555555625,-0.08878656126728707,0,0,0,0,0,0,0,0
54,649565.124,-0.06240633023022288,0.040423232286600254,1.401,0.08379325738824783,-0.0009898838996887207,0.12433315277099609,-0.06794656025996373,0.14475775207829103,1.5,-0.012130038301360481,-0.005540230029740856,0.10433451979169078,0.09899999999999998,-0.0959232956896083,0.0012525137806849657,0.009692630621759284,0.1049352941176465,-0.08414232323864594,0,0,0,0,0,0,0,0
55,649630.218,-0.06470671394129218,0.04815357628758647,1.401,0.08063421144213812,-0.024679794311523437,0.11843628692626954,-0.06794656025996373,0.14475775207829103,1.5,-0.012130038301360481,-0.003239846318671552,0.09660417579070456,0.09899999999999998,-0.09276424974349859,0.010579081369062047,0.007307839405273818,0.07919999999999999,-0.07840494998845442,1428403101768,0,0,0,0,0,0,0
56,649695.343,-0.06628302730115143,0.05619385439179342,1.402,0.07653268769995147,-0.013853587150573731,0.12211681365966796,-0.06794656025996373,0.14475775207829103,1.5,-0.012130038301360481,-0.0016635329588123027,0.08856389768649761,0.09800000000000009,-0.08866272600131195,0.007788697207324119,0.0003116779608670697,0.07293125000000068,-0.06943683345981207,1428403101768,0,0,0,0,0,0,0
57,649760.772,-0.068176892871247,0.06368023552285869,1.41,0.07236135078768481,-0.019738922119140623,0.11413902282714844,-0.06794656025996373,0.14475775207829103,1.5,-0.012130038301360481,0.00023033261128325988,0.08107751655543234,0.09000000000000008,-0.0844913890890453,0.010312903990771581,0.0002274752642877978,0.028923076923076954,-0.06523906487858384,1428403101768,0,0,0,0,0,0,0
58,649825.744,-0.06973563719037221,0.06934048961995505,1.415,0.0705636616581309,-0.017181583404541016,0.08637203979492188,-0.06794656025996373,0.14475775207829103,1.5,-0.012130038301360481,0.001789076930408473,0.07541726245833598,0.08499999999999996,-0.08269369995949138,0.009287777106647691,0.007230339937110659,0.04107692307692243,-0.07439667320770409,1428403101768,0,0,0,0,0,0,0
59,649890.991,-0.0722982945495105,0.07399733193518676,1.427,0.06867870606597705,-0.03341923141479492,0.07238900756835938,-0.06794656025996373,0.14475775207829103,1.5,-0.012130038301360481,0.0043517342895467714,0.07076042014310427,0.07299999999999995,-0.08080874436733754,0.015974791386287296,0.01030490529722754,-0.006215384615384692,-0.07210894932662748,1428403101768,0,0,0,0,0,0,0
60,649956.146,-0.07384420681460127,0.07786778747719665,1.435,0.06578145950766646,-0.019149883270263672,0.05951128387451172,-0.06794656025996373,0.14475775207829103,1.5,-0.012130038301360481,0.005897646554637537,0.06688996460109438,0.06499999999999995,-0.07791149780902695,0.01114684286492131,0.01291983927473717,0.009575757575757508,-0.06474219527125157,1428403102093,0,0,0,0,0,0,0
61,650021.392,-0.0747679117096331,0.08121752243111247,1.441,0.06270968002415646,-0.010522732734680176,0.051048133850097654,-0.06794656025996373,0.14475775207829103,1.5,-0.012130038301360481,0.006821351449669361,0.06354022964717856,0.05899999999999994,-0.07483971832551695,0.008384471313467578,0.013733080456350286,0.014892307692307628,-0.06066227455547076,1428403102158,0,0,0,0,0,0,0
62,650086.578,-0.07563489496268923,0.08312275165356399,1.449,0.06044075199656397,-0.01118821620941162,0.02933725357055664,-0.06794656025996373,0.14475775207829103,1.5,-0.012130038301360481,0.007688334702725494,0.06163500042472704,0.050999999999999934,-0.07257079029792446,0.00830658115385755,0.021011173332098326,-0.0003764705882353808,-0.06256081370560466,1428403102226,0,0,0,0,0,0,0
63,650151.947,-0.07550799921424971,0.08286161720454648,1.454,0.05832890360165078,0.0016633572578430176,-0.0040248394012451175,-0.06794656025996373,0.14475775207829103,1.5,-0.012130038301360481,0.007561438954285973,0.061896134873744554,0.04600000000000004,-0.07045894190301126,0.0030867583528643586,0.032376146454936805,0.009456250000000617,-0.06055965255185564,1428403102290,0,0,0,0,0,0,0
64,650217.071,-0.07458146409051697,0.08232893526604355,1.456,0.05523967082562066,0.013408594131469727,-0.008786837577819824,-0.06794656025996373,0.14475775207829103,1.5,-0.012130038301360481,0.006634903830553235,0.062428816812247476,0.04400000000000004,-0.06736970912698115,-0.0016715833663612043,0.034082695767293315,0.024430769230769252,-0.05311171169914986,1428403102355,0,0,0,0,0,0,0
65,650282.348,-0.07370380859187149,0.08017211853036842,1.465,0.05331980864842679,0.011358532905578613,-0.033029754638671874,-0.06794656025996373,0.14475775207829103,1.5,-0.012130038301360481,0.005757248331907758,0.06458563354792261,0.03499999999999992,-0.06544984694978727,-0.0019210543422635735,0.044087908297184716,-0.021218750000000713,-0.056450492994190964,1428403102419,0,0,0,0,0,0,0
66,650347.229,-0.07190017437038274,0.07654110388073652,1.465,0.05190609195431151,0.024113365173339844,-0.055829673767089846,-0.06794656025996373,0.14475775207829103,1.5,-0.012130038301360481,0.0039536141104190015,0.0682166481975545,0.03499999999999992,-0.064036130255672,-0.007306604378923802,0.05279737008952963,0.027999999999999938,-0.05779914484045755,1428403102487,0,0,0,0,0,0,0
67,650412.445,-0.06937739924895084,0.07191650964128841,1.466,0.04989896331451794,0.03419160842895508,-0.07123881530761719,-0.06794656025996373,0.14475775207829103,1.5,-0.012130038301360481,0.0014308389889871043,0.07284124243700262,0.03400000000000003,-0.06202900161587842,-0.013759519726837005,0.06295517833008882,0.021462295081967873,-0.052157877157877224,1428403102548,0,0,0,0,0,0,0
68,650477.63,-0.06792071603889323,0.06668534334675306,1.464,0.0465479311506889,0.01790922927856445,-0.07945967864990235,-0.06794656025996373,0.14475775207829103,1.5,-0.012130038301360481,-0.000025844221070506213,0.07807240873153797,0.03600000000000003,-0.05867796945204938,-0.007737757315386217,0.06677723774588068,0.03940606060606064,-0.043446005071008306,1428403102614,0,0,0,0,0,0,0
69,650542.785,-0.06506758236015232,0.060332476680378465,1.468,0.04494222823885408,0.038316558837890625,-0.09718117523193359,-0.06794656025996373,0.14475775207829103,1.5,-0.012130038301360481,-0.0028789778998114107,0.08442527539791256,0.03200000000000003,-0.057072266540214564,-0.016802516450818268,0.07642038128712716,0.004061538461538471,-0.049661330024053874,1428403102679,0,0,0,0,0,0,0
70,650608.062,-0.06023141601977273,0.053048698829028,1.465,0.04314453910929995,0.06756066131591797,-0.1124054718017578,-0.06794656025996373,0.14475775207829103,1.5,-0.012130038301360481,-0.007715144240191006,0.09170905324926304,0.03499999999999992,-0.05527457741066043,-0.029121127629541145,0.08390411241526835,0.043671641791044144,-0.047225223099224,1428403102746,0,0,0,0,0,0,0
71,650673.156,-0.05774217022281526,0.046751181629741706,1.464,0.04035201230610897,0.033229652404785155,-0.09598531341552734,-0.06794656025996373,0.14475775207829103,1.5,-0.012130038301360481,-0.010204390037148472,0.09800657044854932,0.03600000000000003,-0.05248205060746945,-0.01871525797068538,0.08344283240787154,0.03426875000000064,-0.039392081217511754,1428403102810,0,0,0,0,0,0,0
72,650738.281,-0.05435315656035874,0.04015736923277347,1.46,0.03864158963915477,0.04680380249023437,-0.1008774185180664,-0.06794656025996373,0.14475775207829103,1.5,-0.012130038301360481,-0.013593403699604996,0.10460038284551756,0.040000000000000036,-0.05077162794051525,-0.025045236955337623,0.08780533509874161,0.05353846153846158,-0.042877369477649696,0,0,0,0,0,0,0,0
73,650803.619,-0.05111596602004521,0.03375685923795954,1.458,0.03705334001983984,0.044812644958496094,-0.09781186676025391,-0.06794656025996373,0.14475775207829103,1.5,-0.012130038301360481,-0.016830594239918527,0.11100089284033149,0.04200000000000004,-0.04918337832120032,-0.02584632310626289,0.08996473100762534,0.044369230769230814,-0.04185299546282374,0,0,0,0,0,0,0,0
74,650868.621,-0.048583919072981534,0.0279272367656383,1.456,0.03576179637336385,0.03471527099609375,-0.08879130554199219,-0.06794656025996373,0.14475775207829103,1.5,-0.012130038301360481,-0.0193626411869822,0.11683051531265273,0.04400000000000004,-0.04789183467472433,-0.023315419539218573,0.08980553250728691,0.045969230769230804,-0.0419308639986813,0,0,0,0,0,0,0,0
75,650933.898,-0.0455884581990023,0.023639446093922472,1.452,0.033021629447733014,0.042603588104248045,-0.06588224029541015,1.4504570035878208,0.08155849806211002,1.456,0.03576179637336385,1.496045461786823,0.05791905196818754,0.0040000000000000036,0.002740166925630838,0.7480227308934115,0.02895952598409377,0.003200000000000003,0.002740166925630838,0,0,0,0,0,0,0,0
76,650998.962,-0.041809684144312256,0.020189728816143684,1.458,0.03312634920285262,0.05494229125976562,-0.05358892822265625,1.4504570035878208,0.08155849806211002,1.456,0.03576179637336385,1.4922666877321331,0.061368769245966334,-0.0020000000000000018,0.0026354471705112292,0.7257860989561975,0.049259785349484345,-0.03390769230769233,0.0021521252238053423,0,0,0,0,0,0,0,0
77,651064.208,-0.03829170100392172,0.018655975424013628,1.454,0.0337895743186103,0.05197882080078125,-0.02474142837524414,1.4504570035878208,0.08155849806211002,1.456,0.03576179637336385,1.4887487045917425,0.0629025226380964,0.0020000000000000018,0.0019722220547535516,0.72571838109683,0.03958480203488944,0.022812121212121228,-0.0010424375623268012,0,0,0,0,0,0,0,0
78,651129.455,-0.03306987840765602,0.01947280768287998,1.449,0.03389429407373013,0.0786965560913086,0.009599346160888672,1.4504570035878208,0.08155849806211002,1.456,0.03576179637336385,1.4835268819954768,0.062085690379230035,0.006999999999999895,0.0018675022996337207,0.7136459347101539,0.026644517641873068,0.03252307692307626,0.001384180352926809,0,0,0,0,0,0,0,0
79,651194.549,-0.026263596886046736,0.02105586349317693,1.444,0.0337721210260904,0.10284027862548828,0.020272449493408205,1.4504570035878208,0.08155849806211002,1.456,0.03576179637336385,1.4767206004738676,0.06050263456893309,0.01200000000000001,0.0019896753472734494,0.7017110920436533,0.021727170613636826,0.03652307692307755,0.002553550951764505,0,0,0,0,0,0,0,0
80,651259.704,-0.016286108227551003,0.023088291640867304,1.445,0.033964107243809945,0.15060638427734374,0.025415584564208983,1.4504570035878208,0.08155849806211002,1.456,0.03576179637336385,1.4667431118153718,0.05847020642124272,0.010999999999999899,0.0017976891295539074,0.6796466169773239,0.018291259338442445,0.003415384615383932,0.0009115988939252523,0,0,0,0,0,0,0,0
81,651325.103,-0.004064115839167641,0.024853835589798513,1.444,0.034033920413889536,0.1841234588623047,0.02024244689941406,1.4504570035878208,0.08155849806211002,1.456,0.03576179637336385,1.4545211194269885,0.056704662472311505,0.01200000000000001,0.0017278759594743162,0.662446963714492,0.018989598173641747,0.014903030303030905,0.0014105433682034471,0,0,0,0,0,0,0,0
82,651390.045,0.016871358781423925,0.026602734562946363,1.441,0.03232349774693511,0.314742919921875,0.015532611846923828,1.4504570035878208,0.08155849806211002,1.456,0.03576179637336385,1.4335856448063968,0.05495576349916366,0.014999999999999902,0.0034382986264287416,0.6040633436769357,0.01806073343263189,0.028153846153845488,0.01133255708929532,0,0,0,0,0,0,0,0
83,651455.352,0.04621079691018438,0.024536320689974852,1.442,0.03213151152921579,0.4388599548339844,-0.04520283889770508,1.4504570035878208,0.08155849806211002,1.456,0.03576179637336385,1.4042462066776364,0.05702217737213516,0.014000000000000012,0.0036302848441480615,0.5441415134147238,0.039637932617452604,0.005815384615385219,0.004516375079775692,0,0,0,0,0,0,0,0
84,651520.446,0.08227179244395824,0.019334889974700908,1.44,0.03342305517569155,0.5381292114257813,-0.09535861206054687,1.4504570035878208,0.08155849806211002,1.456,0.03576179637336385,1.3681852111438626,0.06222360808740911,0.016000000000000014,0.0023387411976723005,0.4957142706940083,0.058283457033941576,0.02324776119402987,-0.0034442900552042405,0,0,0,0,0,0,0,0
85,651585.632,0.12753506979775106,0.012446583361803364,1.442,0.03509857125760618,0.6751171875,-0.1259552230834961,1.4504570035878208,0.08155849806211002,1.456,0.03576179637336385,1.3229219337900697,0.06911191470030666,0.014000000000000012,0.0006632251157576707,0.4099983149295189,0.07282432742180638,0.00008888888888889009,-0.007315422893359614,0,0,0,0,0,0,0,0
86,651650.909,0.18645394095196058,0.005492461195821493,1.433,0.036041049053683105,0.8795783081054688,-0.1352607421875,1.4504570035878208,0.08155849806211002,1.456,0.03576179637336385,1.2640030626358603,0.07606603686628853,0.02299999999999991,-0.000279252680319253,0.3287426356712638,0.07382629428746273,0.0647235294117641,-0.00443724295712921,0,0,0,0,0,0,0,0
87,651715.972,0.2548652399195477,-0.001054801667018936,1.429,0.04022983925846946,1.0219642944335938,-0.1351213836669922,1.4504570035878208,0.08155849806211002,1.456,0.03576179637336385,1.1955917636682731,0.08261329972912895,0.026999999999999913,-0.004468042885105605,0.21773310979198585,0.07768033243590015,0.04382222222222217,-0.024414662907897757,0,0,0,0,0,0,0,0
88,651781.127,0.32800756329146546,-0.009467328488185352,1.429,0.043196898986859855,1.0911719970703124,-0.1702114562988281,1.4504570035878208,0.08155849806211002,1.456,0.03576179637336385,1.1224494402963554,0.09102582655029537,0.026999999999999913,-0.007435102613496003,0.1673814404532361,0.09081113461988992,0.021599999999999932,-0.0211292244368363,0,0,0,0,0,0,0,0
89,651846.466,0.4090336670976438,-0.021130791266687154,1.441,0.043877577395137646,1.2067027587890624,-0.2272735595703125,1.4504570035878208,0.08155849806211002,1.456,0.03576179637336385,1.041423336490177,0.10268928932879717,0.014999999999999902,-0.008115781021773794,0.08441726313489739,0.1141479057794083,-0.05261538461538474,-0.011257373675363596,0,0,0,0,0,0,0,0
90,651911.499,0.4954534038415758,-0.034157185455432455,1.451,0.0452563875042129,1.2864776611328126,-0.25206793212890627,1.4504570035878208,0.08155849806211002,1.456,0.03576179637336385,0.9550035997462449,0.11571568351754247,0.004999999999999893,-0.00949459113084905,0.0048938645547437765,0.12909593497847205,-0.05068750000000013,-0.015957763517139317,0,0,0,0,0,0,0,0
91,651976.867,0.5844644737598437,-0.049424512814410335,1.469,0.048415433450322835,1.3234383544921875,-0.2891795959472656,1.4504570035878208,0.08155849806211002,1.456,0.03576179637336385,0.8659925298279771,0.13098301087652037,-0.013000000000000123,-0.012653637076958983,-0.031986936151589374,0.14524620059709994,-0.10442985074626883,-0.02679861892521241,0,0,0,0,0,0,0,0
92,652041.839,0.6764519332360284,-0.06482694119199665,1.476,0.051557026103912655,1.367013671875,-0.2975437927246094,1.4504570035878208,0.08155849806211002,1.456,0.03576179637336385,0.7740050703517924,0.1463854392541067,-0.020000000000000018,-0.015795229730548803,-0.10831455431125209,0.1561288724294412,-0.05369230769230714,-0.030294888131732586,0,0,0,0,0,0,0,0
93,652107.055,0.7710481150437736,-0.07883087989631529,1.479,0.05532693728822035,1.4062320556640624,-0.2829040222167969,1.4504570035878208,0.08155849806211002,1.456,0.03576179637336385,0.6794088885440472,0.1603893779584253,-0.02300000000000013,-0.019565140914856498,-0.1696596116158351,0.15560051277169756,-0.03455384615384687,-0.036964730996276625,0,0,0,0,0,0,0,0
94,652172.393,0.8674031825391931,-0.0904175440486623,1.479,0.05948082090796669,1.4335035400390626,-0.25345869445800784,1.4504570035878208,0.08155849806211002,1.456,0.03576179637336385,0.5830538210486277,0.17197604211077233,-0.02300000000000013,-0.02371902453460284,-0.22730806829717604,0.1483777511064855,-0.018400000000000107,-0.04289079508727826,0,0,0,0,0,0,0,0
95,652237.396,0.9639789602980477,-0.09962940353314119,1.477,0.06424556976591145,1.4378607177734375,-0.224048828125,1.4504570035878208,0.08155849806211002,1.456,0.03576179637336385,0.48647804328977307,0.18118790159525122,-0.02100000000000013,-0.028483773392547596,-0.26890525434903945,0.13944472079107428,-0.006193939393939489,-0.050141722746841935,0,0,0,0,0,0,0,0
96,652302.52,1.0656570456741359,-0.10684928600647876,1.465,0.0691848515490554,1.5150718994140624,-0.205992919921875,1.4504570035878208,0.08155849806211002,1.456,0.03576179637336385,0.38479995791368493,0.18840778406858877,-0.009000000000000119,-0.03342305517569155,-0.3550974038374781,0.1330801822753427,0.05741538461538456,-0.056219740328663656,0,0,0,0,0,0,0,0
97,652368.225,1.160212902001019,-0.11093623681181182,1.453,0.0736354411416409,1.410706787109375,-0.1592068328857422,1.4504570035878208,0.08155849806211002,1.456,0.03576179637336385,0.2902441015868018,0.19249473487392182,0.0029999999999998916,-0.03787364476827705,-0.34156250383026215,0.11728314364088105,0.0641647058823529,-0.05750859885321308,0,0,0,0,0,0,0,0
98,652432.861,1.2499989545225507,-0.11066549394807237,1.449,0.07840018999958544,1.34343994140625,-0.09503179931640625,1.4504570035878208,0.08155849806211002,1.456,0.03576179637336385,0.2004580490652701,0.1922239920101824,0.006999999999999895,-0.042638393626221585,-0.3907884501944915,0.09465414981572502,0.027138461538461472,-0.0646295422013502,0,0,0,0,0,0,0,0
99,652498.107,1.3310331781643097,-0.10547352803210064,1.446,0.08395033702092716,1.217879150390625,-0.017558618545532225,1.4504570035878208,0.08155849806211002,1.456,0.03576179637336385,0.11942382542351115,0.18703202609421066,0.010000000000000009,-0.04818854064756331,-0.3834439978291136,0.06467175795837346,0.0246666666666673,-0.074617812177762,0,0,0,0,0,0,0,0
100,652563.446,1.4039741083378128,-0.0963442897975067,1.45,0.08857545953871229,1.1017432861328125,0.04471292495727539,1.4504570035878208,0.08155849806211002,1.456,0.03576179637336385,0.04648289525000804,0.17790278785961672,0.006000000000000005,-0.05281366316534844,-0.37565426426134113,0.039025872334372755,-0.017075000000000014,-0.07449392496746624,0,0,0,0,0,0,0,0
101,652628.417,1.466654978454383,-0.0827782574145613,1.455,0.09117600012418393,0.9545278930664063,0.11952180480957031,1.4504570035878208,0.08155849806211002,1.456,0.03576179637336385,-0.01619797486656216,0.16433675547667131,0.0009999999999998899,-0.05541420375082008,-0.34561136498404366,0.009120511060937336,-0.026123076923077634,-0.0674166987606892,0,0,0,0,0,0,0,0
102,652693.634,1.5114488514901123,-0.06667313184999332,1.461,0.0915599725596228,0.6911127319335938,0.1793964080810547,1.4504570035878208,0.08155849806211002,1.456,0.03576179637336385,-0.06099184790229151,0.14823162991210334,-0.0050000000000001155,-0.055798176186258944,-0.2754624171152906,-0.013959090475179431,-0.03681250000000012,-0.05759804697737861,0,0,0,0,0,0,0,0
103,652758.697,1.5454533834730855,-0.04844160285007174,1.465,0.09218829109034067,0.5329356689453125,0.22569085693359375,1.4504570035878208,0.08155849806211002,1.456,0.03576179637336385,-0.09499637988526466,0.13000010091218175,-0.009000000000000119,-0.05642649471697682,-0.22252151632558237,-0.028838701749387866,-0.02778823529411776,-0.0591984882348498,0,0,0,0,0,0,0,0
104,652823.852,1.5709657922457785,-0.026186076711104848,1.464,0.0923453707230202,0.41179302978515625,0.29718609619140623,1.4504570035878208,0.08155849806211002,1.456,0.03576179637336385,-0.12050878865795767,0.10774457477321486,-0.008000000000000007,-0.05658357434965634,-0.19977537980464372,-0.06783762118586774,-0.0009312499999993944,-0.05731988512784161,0,0,0,0,0,0,0,0
105,652889.251,1.5854425346742202,-0.00309768902047702,1.461,0.0916646923147424,0.24816204833984376,0.32482577514648436,1.4504570035878208,0.08155849806211002,1.456,0.03576179637336385,-0.13498553108639944,0.08465618708258704,-0.0050000000000001155,-0.05590289594137855,-0.14544445554250154,-0.0819939940236255,0.012153846153845474,-0.05276130328778875,0,0,0,0,0,0,0,0
106,652954.223,1.5890968832018608,0.0216366236362409,1.46,0.09281660962105855,0.08854644012451172,0.3644394836425781,1.4504570035878208,0.08155849806211002,1.456,0.03576179637336385,-0.13863987961404,0.05992187442586912,-0.0040000000000000036,-0.057054813247694694,-0.0889972011097,-0.1032238232463158,0.002184615384615984,-0.0623713546614615,0,0,0,0,0,0,0,0
107,653019.561,1.5842662823344247,0.04799442016407164,1.46,0.0930784090088579,-0.03550317001342773,0.40038088989257814,1.4504570035878208,0.08155849806211002,1.456,0.03576179637336385,-0.13380927874660387,0.03356407789803838,-0.0040000000000000036,-0.05731661263549405,-0.040893711625568874,-0.12514455773930017,-0.003200000000000003,-0.058524917502260305,0,0,0,0,0,0,0,0
108,653084.564,1.5729218225179473,0.07313996160201894,1.454,0.09471901850573229,-0.1343733673095703,0.3913664245605469,1.4504570035878208,0.08155849806211002,1.456,0.03576179637336385,-0.1224648189301265,0.00841853646009108,0.0020000000000000018,-0.05895722213236844,-0.00014685660710825332,-0.1311898010512091,0.03390769230769233,-0.06652926596409639,0,0,0,0,0,0,0,0
109,653149.78,1.557207716386519,0.09781333843721353,1.448,0.09656906751284634,-0.19965184020996093,0.3907346801757812,1.4504570035878208,0.08155849806211002,1.456,0.03576179637336385,-0.10675071279869819,-0.01625484037510351,0.008000000000000007,-0.06080727113948249,0.02871325772005255,-0.13701819469976229,0.03774328358208959,-0.06909107266387376,0,0,0,0,0,0,0,0
110,653215.057,1.537489660803207,0.11715027314234727,1.444,0.1007753110101526,-0.2664260559082031,0.3172205505371094,1.4504570035878208,0.08155849806211002,1.456,0.03576179637336385,-0.08703265721538611,-0.03559177508023725,0.01200000000000001,-0.06501351463678874,0.06431678786354485,-0.12354474920881878,0.03147500000000003,-0.08473028103041179,1428403105352,0,0,0,0,0,0,0
111,653280.487,1.5119750143190616,0.13357579002579953,1.439,0.10517354072517861,-0.3559906616210938,0.28363616943359377,1.4504570035878208,0.08155849806211002,1.456,0.03576179637336385,-0.061518010731240746,-0.05201729196368951,0.016999999999999904,-0.06941174435181476,0.10877421759454958,-0.11583569143822428,0.04094374999999934,-0.0900284461409992,1428403105352,0,0,0,0,0,0,0
112,653345.245,1.483864278793537,0.14509307818075212,1.43,0.10906562495712581,-0.4011948547363281,0.21607058715820313,1.4504570035878208,0.08155849806211002,1.456,0.03576179637336385,-0.03340727520571618,-0.0635345801186421,0.026000000000000023,-0.07330382858376196,0.13236844472946913,-0.0928438181537666,0.06852727272727338,-0.09099512054715833,1428403105352,0,0,0,0,0,0,0
113,653410.614,1.4549571559390468,0.15200995736200276,1.422,0.11157889907999752,-0.41973696899414065,0.15033460998535156,1.4504570035878208,0.08155849806211002,1.456,0.03576179637336385,-0.004500152351226028,-0.07045145929989274,0.03400000000000003,-0.07581710270663367,0.15340366227164165,-0.07247046370283443,0.07027692307692314,-0.08741682942758001,1428403105352,0,0,0,0,0,0,0
114,653475.616,1.42720239645502,0.15436871852474063,1.424,0.1150870108765063,-0.40979287719726565,0.08151775360107422,1.4504570035878208,0.08155849806211002,1.456,0.03576179637336385,0.02325460713280081,-0.07281022046263061,0.03200000000000003,-0.07932521450314245,0.16341114449467214,-0.04930458534003801,0.014662500000000016,-0.09576948854927737,1428403105352,0,0,0,0,0,0,0
115,653540.863,1.3988015036402368,0.15189992069329508,1.435,0.11695451317614003,-0.4274477233886719,0.012133455276489258,1.4504570035878208,0.08155849806211002,1.456,0.03576179637336385,0.051655499947584005,-0.07034142263118506,0.020999999999999908,-0.08119271680277618,0.17419062288683854,-0.02227400622595162,-0.04066268656716488,-0.08955466739815107,1428403105678,0,0,0,0,0,0,0
116,653605.987,1.3721650477843579,0.14490821147590516,1.438,0.11992157290453065,-0.40905511474609374,-0.05753684234619141,1.4504570035878208,0.08155849806211002,1.456,0.03576179637336385,0.07829195580346293,-0.06334971341379514,0.018000000000000016,-0.0841597765311668,0.18257304789492568,0.005972808309817404,-0.0017538461538455542,-0.09785389835450811,1428403105743,0,0,0,0,0,0,0
117,653671.234,1.3502279046695642,0.1356492544418469,1.455,0.12018337229232978,-0.3433092041015625,-0.09852035522460938,1.4504570035878208,0.08155849806211002,1.456,0.03576179637336385,0.1002290989182566,-0.05409075637973687,0.0009999999999998899,-0.08442157591896593,0.1682376277695557,0.02281054430121454,-0.09073846153846231,-0.08562988078573117,0,0,0,0,0,0,0,0
118,653736.419,1.331660134949056,0.12387077513601455,1.453,0.11995647948957022,-0.29769009399414065,-0.14201022338867186,1.4504570035878208,0.08155849806211002,1.456,0.03576179637336385,0.11879686863876482,-0.04231227707390453,0.0029999999999998916,-0.08419468311620637,0.15937873281442666,0.04226644234060649,0.01316923076923069,-0.08314748556500841,0,0,0,0,0,0,0,0
119,653801.635,1.3235014743595632,0.10908973118163255,1.455,0.1196597735167313,-0.148032958984375,-0.205477294921875,1.4504570035878208,0.08155849806211002,1.456,0.03576179637336385,0.1269555292282576,-0.027531233119522533,0.0009999999999998899,-0.08389797714336744,0.10740901394216679,0.06582462011768025,-0.009969230769230866,-0.08252856496103392,0,0,0,0,0,0,0,0
120,653866.699,1.3162943174828003,0.08955977017360774,1.461,0.12110839679588657,-0.1423049774169922,-0.2779493713378906,1.4504570035878208,0.08155849806211002,1.456,0.03576179637336385,0.13416268610502047,-0.008001272111497718,-0.0050000000000001155,-0.08534660042252272,0.10473067002067452,0.09802154831453003,-0.03534328358208967,-0.09183297331426277,0,0,0,0,0,0,0,0
121,653932.098,1.312890044968963,0.06951277237412029,1.463,0.12074187765296782,-0.08701899719238282,-0.29233322143554685,1.4504570035878208,0.08155849806211002,1.456,0.03576179637336385,0.1375669586188577,0.012045725687989728,-0.007000000000000117,-0.08498008127960396,0.08740059461947625,0.11565488205994183,-0.016537500000000104,-0.08326202279717229,0,0,0,0,0,0,0,0
122,653997.039,1.314759666059277,0.04809737807363953,1.465,0.12013101241476984,-0.010851710319519044,-0.3222701110839844,1.4504570035878208,0.08155849806211002,1.456,0.03576179637336385,0.13569733752854374,0.03346111998847049,-0.009000000000000119,-0.08436921604140599,0.05746188492919428,0.13570497277468394,-0.018311111111111215,-0.08146033395474896,0,0,0,0,0,0,0,0
123,654062.316,1.322019706171459,0.026288519410100186,1.467,0.11938052083641223,0.06891139984130859,-0.33782611083984376,1.4504570035878208,0.08155849806211002,1.456,0.03576179637336385,0.1284372974163619,0.05526997865200983,-0.01100000000000012,-0.08361872446304838,0.026850795189597938,0.13988646774128094,-0.019094117647058928,-0.08030773220558837,0,0,0,0,0,0,0,0
124,654127.349,1.3327997661820385,0.005290092750475643,1.469,0.11850785621041512,0.12303721618652344,-0.3319927062988281,1.4504570035878208,0.08155849806211002,1.456,0.03576179637336385,0.11765723740578227,0.07626840531163437,-0.013000000000000123,-0.08274605983705127,0.0007821417228469907,0.1512026538999493,-0.021169230769230878,-0.07871837694783385,0,0,0,0,0,0,0,0
125,654192.565,1.3479781119096481,-0.014853934382344,1.474,0.118490402917895,0.1903536834716797,-0.32695928955078124,1.4504570035878208,0.08155849806211002,1.456,0.03576179637336385,0.1024788916781727,0.09641243244445402,-0.018000000000000016,-0.08272860654453115,-0.031767132358778455,0.15836886460483446,-0.04174374999999943,-0.08264679423584309,0,0,0,0,0,0,0,0
126,654257.812,1.3662537952962526,-0.03483338896912074,1.476,0.119781946564371,0.23678550720214844,-0.32999688720703124,1.4504570035878208,0.08155849806211002,1.456,0.03576179637336385,0.08420320829156824,0.11639188703123077,-0.020000000000000018,-0.08402015019100714,-0.05630592178208603,0.16577762205979785,-0.02676923076923079,-0.08998112086705018,0,0,0,0,0,0,0,0
127,654323.364,1.3860090862188867,-0.049448637206780756,1.479,0.1199041196120105,0.2680091857910156,-0.2530679779052734,1.4504570035878208,0.08155849806211002,1.456,0.03576179637336385,0.06444791736893407,0.13100713526889077,-0.02300000000000013,-0.08414232323864665,-0.07415068474510157,0.1442010581449223,-0.03455384615384687,-0.08470619884313668,0,0,0,0,0,0,0,0
128,654388.031,1.4077724385594532,-0.060525533580557137,1.477,0.12034045192500928,0.30423162841796875,-0.20400949096679688,1.4504570035878208,0.08155849806211002,1.456,0.03576179637336385,0.042684565028367594,0.14208403164266714,-0.02100000000000013,-0.08457865555164543,-0.0940694344433657,0.12978313295499616,-0.006193939393939489,-0.08656198424709441,0,0,0,0,0,0,0,0
129,654453.491,1.4312691530622563,-0.06607517186276436,1.476,0.1191885346186929,0.339908203125,-0.12495431518554688,1.4504570035878208,0.08155849806211002,1.456,0.03576179637336385,0.019187850525564487,0.14763366992487437,-0.020000000000000018,-0.08342673824532905,-0.11692684513692678,0.1036995026358607,-0.010615384615384027,-0.07811019683156116,0,0,0,0,0,0,0,0
130,654518.463,1.4546265933806755,-0.06759687825461395,1.473,0.11821115023757618,0.3451618347167969,-0.06432394409179687,1.371815883999623,0.4303775537796337,1.476,0.11918853461869289,-0.0828107093810524,0.4979744320342477,0.0029999999999998916,0.0009773843811167054,-0.0414053546905262,0.24898721601712384,0.0023999999999999135,0.0009773843811167054,0,0,0,0,0,0,0,0
131,654583.679,1.4767982994219244,-0.06408262521775036,1.471,0.12130038301360588,0.3364714660644531,0.013123270988464355,1.371815883999623,0.4303775537796337,1.476,0.11918853461869289,-0.10498241542230136,0.4944601789973841,0.004999999999999893,-0.0021118483949129907,-0.17006843671777394,0.22859389915168815,0.014606060606060529,-0.016153815558684337,0,0,0,0,0,0,0,0
132,654648.803,1.4983521628817593,-0.059357860553706586,1.467,0.1272868623479466,0.32950799560546873,0.03122943878173828,1.371815883999623,0.4303775537796337,1.476,0.11918853461869289,-0.12653627888213625,0.4897354143333403,0.008999999999999897,-0.008098327729253701,-0.17756893051595016,0.219812136978559,0.028412121212121146,-0.035309597430802385,0,0,0,0,0,0,0,0
133,654713.958,1.5154666811446988,-0.053097134698694634,1.465,0.13320352851220724,0.2665622863769531,0.0605625114440918,1.371815883999623,0.4303775537796337,1.476,0.11918853461869289,-0.14365079714507578,0.48347468847832836,0.010999999999999899,-0.01401499389351435,-0.16542042032298843,0.20749899971956776,0.01973749999999993,-0.04174936653848614,0,0,0,0,0,0,0,0
134,654779.205,1.5306856426922824,-0.04240025178571236,1.489,0.1381253570028313,0.24757196044921875,0.12871342468261718,1.371815883999623,0.4303775537796337,1.476,0.11918853461869289,-0.1588697586926593,0.4727778055653461,-0.013000000000000123,-0.018936822384138408,-0.16138313383331776,0.1787903024819993,-0.13963076923076942,-0.04165295387932637,0,0,0,0,0,0,0,0
135,654844.36,1.5409601778344832,-0.02725558777249837,1.494,0.14247122684029717,0.18392843627929686,0.203786376953125,1.371815883999623,0.4303775537796337,1.476,0.11918853461869289,-0.16914429383486018,0.4576331415521321,-0.018000000000000016,-0.023282692221604284,-0.13745578367875821,0.1508660942374645,-0.04013529411764652,-0.04245564738689492,0,0,0,0,0,0,0,0
136,654909.576,1.5468780727485762,-0.007962935766833955,1.494,0.14671237692264344,0.12895941162109376,0.273853515625,1.371815883999623,0.4303775537796337,1.476,0.11918853461869289,-0.17506218874895318,0.43834048954646765,-0.018000000000000016,-0.027523842303950552,-0.12093856566371128,0.11026011248319266,-0.014400000000000013,-0.048045536250787335,0,0,0,0,0,0,0,0
137,654974.853,1.5513748661823688,0.017574526894188855,1.484,0.14992378274631285,0.12272579956054687,0.3690861511230469,1.371815883999623,0.4303775537796337,1.476,0.11918853461869289,-0.17955898218274569,0.41280302688544485,-0.008000000000000007,-0.030735248127619963,-0.11362612293724217,0.07097557508881364,0.046630303030303064,-0.04533254732611729,0,0,0,0,0,0,0,0
138,655039.947,1.5506909242783453,0.047750978981267844,1.476,0.15262904308690411,0.05746453094482422,0.44910153198242186,1.371815883999623,0.4303775537796337,1.476,0.11918853461869289,-0.17887504027872225,0.38262657479836587,0,-0.03344050846821123,-0.08575475604077341,0.02882469923798847,0.04307692307692311,-0.04592632542478629,0,0,0,0,0,0,0,0
139,655104.949,1.5465552824510258,0.0808197560455911,1.481,0.15573572915545394,0.014101770401000977,0.4996967468261719,1.371815883999623,0.4303775537796337,1.476,0.11918853461869289,-0.17473939845140274,0.3495577977340426,-0.0050000000000001155,-0.03654719453676106,-0.06510085861705783,-0.00328374686395011,-0.03092307692307764,-0.050885745622375654,0,0,0,0,0,0,0,0
140,655170.074,1.5392183818939906,0.11598277363448611,1.471,0.15858061583620506,-0.026911170959472656,0.5381320190429687,1.371815883999623,0.4303775537796337,1.476,0.11918853461869289,-0.16740249789436756,0.3143947801451476,0.004999999999999893,-0.03939208121751217,-0.044194861332378994,-0.03214193540609159,0.0578461538461538,-0.05252232743636346,0,0,0,0,0,0,0,0
141,655235.351,1.527835544364821,0.15344858303677705,1.454,0.16271704616343127,-0.0798529510498047,0.581898681640625,1.371815883999623,0.4303775537796337,1.476,0.11918853461869289,-0.156019660365198,0.27692897074285666,0.02200000000000002,-0.043528511544738385,-0.016717628102455133,-0.0632744883332152,0.10913846153846224,-0.06261972843962861,0,0,0,0,0,0,0,0
142,655300.567,1.5146742737267924,0.19218875710847277,1.445,0.1650034274835441,-0.1006727066040039,0.6054085693359375,1.371815883999623,0.4303775537796337,1.476,0.11918853461869289,-0.14285838972716935,0.23818879667116094,0.030999999999999917,-0.045814892864851214,-0.001634577843735871,-0.08634591871129077,0.07252727272727211,-0.05620753522900044,0,0,0,0,0,0,0,0
143,655365.661,1.4998164355566825,0.23123201649870276,1.435,0.16760396806901554,-0.12364436340332031,0.6143017578125,1.371815883999623,0.4303775537796337,1.476,0.11918853461869289,-0.12800055155705947,0.19914553728093096,0.040999999999999925,-0.04841543345032265,0.017253526714258685,-0.11394505614985474,0.08748749999999998,-0.06060546744471999,0,0,0,0,0,0,0,0
144,655430.786,1.4855601578124829,0.26978360240667115,1.428,0.16990780268164826,-0.11437978363037109,0.6058441772460937,1.371815883999623,0.4303775537796337,1.476,0.11918853461869289,-0.11374427381285979,0.16059395137296256,0.04800000000000004,-0.050719268062955375,0.019892435562337635,-0.12728848689488698,0.07609230769230835,-0.061352350890491035,0,0,0,0,0,0,0,0
145,655496.459,1.4687972321328022,0.3078388232973438,1.435,0.17386970008367506,-0.1513009796142578,0.6051256103515625,1.371815883999623,0.4303775537796337,1.476,0.11918853461869289,-0.09698134813317916,0.12253873048228991,0.040999999999999925,-0.05468116546498217,0.03778909046117836,-0.13460309522555247,-0.0032294117647065426,-0.07216012459157095,0,0,0,0,0,0,0,0
146,655561.157,1.451326914478534,0.3424328362464886,1.435,0.17798867711838182,-0.16833482360839844,0.5564205932617188,1.371815883999623,0.4303775537796337,1.476,0.11918853461869289,-0.07951103047891084,0.08794471753314509,0.040999999999999925,-0.05880014249968893,0.05578528443232443,-0.1452136495490632,0.03279999999999994,-0.07810784734987687,1428403107699,0,0,0,0,0,0,0
147,655626.373,1.4337185399337693,0.3744632537540141,1.431,0.18149678891489038,-0.174887939453125,0.5196294555664063,1.371815883999623,0.4303775537796337,1.476,0.11918853461869289,-0.06190265593414623,0.05591430002561959,0.04499999999999993,-0.06230825429619749,0.06534447032460831,-0.14720919573147026,0.05787499999999996,-0.07875252834233137,1428403107699,0,0,0,0,0,0,0
148,655691.497,1.4173197657298775,0.40240617311410104,1.435,0.1855459527795171,-0.16628498840332032,0.45665936279296876,1.371815883999623,0.4303775537796337,1.476,0.11918853461869289,-0.045503881730254436,0.027971380665532675,0.040999999999999925,-0.06635741816082422,0.06554915100198244,-0.13647618314462473,0.011261538461538385,-0.08504586676679372,1428403107699,0,0,0,0,0,0,0
149,655756.744,1.401795359807708,0.42634286029468893,1.446,0.1900139956646225,-0.16263037109375,0.3958473205566406,1.371815883999623,0.4303775537796337,1.476,0.11918853461869289,-0.02997947580808491,0.004034693484944785,0.030000000000000027,-0.0708254610459296,0.06733665713776563,-0.12491963073034218,-0.03433333333333277,-0.09113474688731771,1428403107699,0,0,0,0,0,0,0
150,655821.96,1.3882237436602887,0.4436463391651113,1.465,0.19268434942017396,-0.15088792419433594,0.29333026123046874,1.371815883999623,0.4303775537796337,1.476,0.11918853461869289,-0.016407859660665602,-0.0132687853854776,0.010999999999999899,-0.07349581480148107,0.06487400327115578,-0.0998069712257824,-0.09350769230769307,-0.08582052444248785,1428403107699,0,0,0,0,0,0,0
151,655887.054,1.3750821487492697,0.457524611334719,1.474,0.19484855769264683,-0.15361175537109376,0.2420696563720703,1.371815883999623,0.4303775537796337,1.476,0.11918853461869289,-0.0032662647496466413,-0.027147057555085286,0.0020000000000000018,-0.07566002307395395,0.06912930176143262,-0.0883026866138917,-0.04686153846153789,-0.08564867663921338,1428403108024,0,0,0,0,0,0,0
152,655952.178,1.3648590368842626,0.46511379349195286,1.499,0.19804251022379682,-0.12840386962890624,0.14137425231933592,1.371815883999623,0.4303775537796337,1.476,0.11918853461869289,0.006956847115360487,-0.03473623971231915,-0.02300000000000013,-0.07885397560510393,0.058525948984641696,-0.05823294685664961,-0.1530153846153854,-0.09359529497964232,1428403108089,0,0,0,0,0,0,0
153,656017.517,1.3544394242616615,0.46809452597683293,1.504,0.20050342446910885,-0.14444229125976563,0.07458800506591796,1.371815883999623,0.4303775537796337,1.476,0.11918853461869289,0.017376459737961536,-0.03771697219719922,-0.028000000000000025,-0.08131488985041596,0.06567048639883025,-0.03515936687528747,-0.049743749999999434,-0.0928504253753161,1428403108153,0,0,0,0,0,0,0
154,656082.55,1.344820589073149,0.46832870850974345,1.508,0.20324359139473966,-0.14069242858886719,0.032178062438964844,1.371815883999623,0.4303775537796337,1.476,0.11918853461869289,0.02699529492647401,-0.03795115473010974,-0.03200000000000003,-0.08405505677604677,0.06450662194777285,-0.02021745443351975,-0.04681212121212125,-0.09651036098345954,1428403108219,0,0,0,0,0,0,0
155,656147.796,1.3359108041958268,0.4663423312635602,1.508,0.20544270625225258,-0.13691009521484376,-0.002206146240234375,1.371815883999623,0.4303775537796337,1.476,0.11918853461869289,0.035905079803796314,-0.03596477748392646,-0.03200000000000003,-0.0862541716335597,0.06449619224611913,-0.007605791187274455,-0.025600000000000026,-0.09610095457764742,1428403108286,0,0,0,0,0,0,0
156,656212.921,1.3290619737790996,0.4628155552955116,1.505,0.20655971697352893,-0.1113640365600586,-0.03083167839050293,1.371815883999623,0.4303775537796337,1.476,0.11918853461869289,0.04275391022052344,-0.03243800151587789,-0.028999999999999915,-0.08737118235483604,0.058831496451738186,0.003068055317326658,-0.006793749999999311,-0.09260717011081891,1428403108350,0,0,0,0,0,0,0
157,656278.106,1.3245840656589245,0.4560231665705695,1.496,0.20940460365427982,-0.0866369400024414,-0.085944091796875,1.371815883999623,0.4303775537796337,1.476,0.11918853461869289,0.04723181834069856,-0.0256456127909358,-0.020000000000000018,-0.09021606903558693,0.0477277221251384,0.023751594431143344,0.03246153846153788,-0.1033463152544372,1428403108415,0,0,0,0,0,0,0
158,656343.353,1.3244204224507414,0.44815527719839904,1.498,0.21205750411731117,-0.026934389114379884,-0.11492994689941406,1.371815883999623,0.4303775537796337,1.476,0.11918853461869289,0.047395461548881634,-0.017777723418765323,-0.02200000000000002,-0.09286896949861828,0.02457888651081121,0.03347669644845837,-0.028369230769230792,-0.10511312548183989,1428403108480,0,0,0,0,0,0,0
159,656408.447,1.3242090720474897,0.4382963935078337,1.495,0.21320942142362753,-0.03422449111938477,-0.14390341186523437,1.371815883999623,0.4303775537796337,1.476,0.11918853461869289,0.04760681195213334,-0.007918839728200011,-0.019000000000000128,-0.09402088680493464,0.02492420356906816,0.048322539101019066,0.0007090909090902292,-0.09925687456091811,1428403108546,0,0,0,0,0,0,0
160,656473.632,1.3264584625561635,0.4278574976587137,1.486,0.21544344286618022,-0.00015584254264831542,-0.16017738342285157,1.371815883999623,0.4303775537796337,1.476,0.11918853461869289,0.045357421443459556,0.002520056120919989,-0.010000000000000009,-0.09625490824748734,0.010566607982717078,0.057469467248029225,0.0404615384615391,-0.10656577644388437,1428403108611,0,0,0,0,0,0,0
161,656539.367,1.3283601966341532,0.41750288184399204,1.471,0.2174680247984937,-0.0053377079963684085,-0.1578268280029297,1.371815883999623,0.4303775537796337,1.476,0.11918853461869289,0.0434556873654699,0.01287467193564168,0.004999999999999893,-0.09827949017980081,0.011162654360570179,0.06396297938294133,0.08733333333333271,-0.10792035652415069,1428403108674,0,0,0,0,0,0,0
162,656603.912,1.332077099693849,0.40610543484881756,1.457,0.21685715956029572,0.01755402374267578,-0.17896429443359374,1.371815883999623,0.4303775537796337,1.476,0.11918853461869289,0.039738784305774155,0.024272118930816156,0.018999999999999906,-0.09766862494160283,0.000452734378357085,0.07167496167900608,0.08833432835820894,-0.09493340745713427,1428403108741,0,0,0,0,0,0,0
163,656669.158,1.3361867513961696,0.397460546157702,1.46,0.21975440611860608,0.03230025863647461,-0.13989976501464843,1.371815883999623,0.4303775537796337,1.476,0.11918853461869289,0.03562913260345346,0.032917007621931726,0.016000000000000014,-0.1005658714999132,-0.004314327480000078,0.0630079044554343,-0.003353846153845555,-0.11393777869211487,0,0,0,0,0,0,0,0
164,656734.283,1.3419073921411642,0.38847316269158355,1.454,0.2204874444044438,0.05435858917236328,-0.15027432250976563,1.371815883999623,0.4303775537796337,1.476,0.11918853461869289,0.029908491858458897,0.041904391088050164,0.02200000000000002,-0.1012989097857509,-0.0158492042361259,0.06934579882312436,0.04990769230769235,-0.10468216341269417,0,0,0,0,0,0,0,0
165,656799.468,1.3479413399097944,0.3824679134469817,1.452,0.22423990229623159,0.06861737823486327,-0.10769286346435547,1.371815883999623,0.4303775537796337,1.476,0.11918853461869289,0.023874544089828698,0.04790964033265199,0.02400000000000002,-0.1050513676775387,-0.020060935819033676,0.05580083888769933,0.029806060606060635,-0.12210799445839232,0,0,0,0,0,0,0,0
166,656864.898,1.3526833141102788,0.37713458998705573,1.456,0.22629939081358486,0.051559574127197264,-0.09381369018554687,-0.11450377223008656,0.0489198749605127,1.452,0.22423990229623159,-1.4671870863403653,-0.32821471502654304,-0.0040000000000000036,-0.0020594885173532695,-0.7335935431701827,-0.16410735751327152,-0.003200000000000003,-0.0020594885173532695,0,0,0,0,0,0,0,0
167,656929.809,1.3595805441994684,0.3733062098374765,1.462,0.24010494519686,0.08793584442138672,-0.0791748046875,-0.11450377223008656,0.0489198749605127,1.452,0.22423990229623159,-1.474084316429555,-0.3243863348769638,-0.010000000000000009,-0.0158650429006284,-0.7741810894642601,-0.14157881278690126,-0.040307692307692336,-0.07958298620805208,0,0,0,0,0,0,0,0
168,656994.964,1.3656457457506033,0.37063430533025493,1.471,0.24921556389227065,0.07883727264404297,-0.06056382369995117,-0.11450377223008656,0.0489198749605127,1.452,0.22423990229623159,-1.4801495179806898,-0.32171443036974223,-0.019000000000000128,-0.02497566159603906,-0.7727335365733788,-0.1464700370690628,-0.06366153846153921,-0.06702467095947287,0,0,0,0,0,0,0,0
169,657060.302,1.3717952543999978,0.36678381470970245,1.481,0.2565110401656068,0.07514740753173828,-0.07872409057617187,-0.11450377223008656,0.0489198749605127,1.452,0.22423990229623159,-1.4862990266300844,-0.31786393974918975,-0.029000000000000137,-0.03227113786937519,-0.7762622521963976,-0.13819855884085075,-0.07704615384615399,-0.06594256682323424,0,0,0,0,0,0,0,0
170,657125.396,1.3727162219523974,0.36102659463354264,1.495,0.26394614277910255,-0.008547214508056641,-0.08703759002685547,-0.11450377223008656,0.0489198749605127,1.452,0.22423990229623159,-1.487219994182484,-0.31210671967302994,-0.04300000000000015,-0.03970624048287097,-0.7483502712580045,-0.12642060944451597,-0.10645882352941194,-0.07250816377770529,0,0,0,0,0,0,0,0
171,657190.521,1.3672603882780696,0.3542859434416859,1.508,0.2718524842906369,-0.10538204193115235,-0.07625737762451172,-0.11450377223008656,0.0489198749605127,1.452,0.22423990229623159,-1.4817641605081562,-0.3053660684811732,-0.05600000000000005,-0.04761258199440532,-0.7119496289508247,-0.116937156708013,-0.11373939393939345,-0.08355049795592512,0,0,0,0,0,0,0,0
172,657255.645,1.354847237940039,0.3473707650102833,1.507,0.27871162825097473,-0.20721176147460937,-0.04992128372192383,-0.11450377223008656,0.0489198749605127,1.452,0.22423990229623159,-1.4693510101701255,-0.2984508900497706,-0.05499999999999994,-0.054471725954743144,-0.66571355876267,-0.11080778707264863,-0.03844444444444378,-0.0871343162420661,0,0,0,0,0,0,0,0
173,657321.075,1.3334368578181472,0.33978116319844465,1.509,0.2839650692994775,-0.3400829772949219,-0.021095399856567384,-0.11450377223008656,0.0489198749605127,1.452,0.22423990229623159,-1.4479406300482338,-0.29086128823793195,-0.05699999999999994,-0.05972516700324593,-0.6050237587913854,-0.10326618960875124,-0.05671111111111107,-0.08474155294849728,0,0,0,0,0,0,0,0
174,657386.26,1.3049562141455766,0.33271931638069774,1.507,0.2877349804837852,-0.4397779541015625,0.018003293991088867,-0.11450377223008656,0.0489198749605127,1.452,0.22423990229623159,-1.4194599863756632,-0.28379944142018504,-0.05499999999999994,-0.06349507818755362,-0.5586962767423813,-0.10445053304022256,-0.033393939393939344,-0.08063103811622496,0,0,0,0,0,0,0,0
175,657451.202,1.2680343873470412,0.325501253936622,1.507,0.2912605455728139,-0.5617843017578125,0.053345901489257816,-0.11450377223008656,0.0489198749605127,1.452,0.22423990229623159,-1.3825381595771278,-0.2765813789761093,-0.05499999999999994,-0.0670206432765823,-0.49839386516934914,-0.10058439313840523,-0.043999999999999956,-0.0828067556155167,0,0,0,0,0,0,0,0
176,657516.387,1.2241730790742091,0.31694525331835005,1.489,0.2942101520086846,-0.6670639038085937,0.06599346923828125,-0.11450377223008656,0.0489198749605127,1.452,0.22423990229623159,-1.3386768513042957,-0.26802537835783735,-0.037000000000000144,-0.06997024971245303,-0.4256644908030808,-0.08647935241074123,0.07039999999999873,-0.08401599464517075,0,0,0,0,0,0,0,0
177,657581.695,1.1719610219816836,0.3081366211672529,1.476,0.296496533328797,-0.7878441772460938,0.10065786743164062,-0.11450377223008656,0.0489198749605127,1.452,0.22423990229623159,-1.2864647942117702,-0.2592167462067402,-0.02400000000000002,-0.07225663103256541,-0.366350276160674,-0.08289592987785477,0.049739393939394555,-0.08264927339671262,0,0,0,0,0,0,0,0
178,657647.064,1.113624128809287,0.2986831040813738,1.46,0.29693286564179555,-0.878302001953125,0.12005025482177735,-0.11450377223008656,0.0489198749605127,1.452,0.22423990229623159,-1.2281279010393735,-0.24976322912086107,-0.008000000000000007,-0.07269296334556397,-0.2899700995619276,-0.07236207519443552,0.08248888888888896,-0.0747707362646047,0,0,0,0,0,0,0,0
179,657711.883,1.0471558837913786,0.2887860664526692,1.453,0.29869564818630967,-0.9968287353515625,0.14975892639160157,-0.11450377223008656,0.0489198749605127,1.452,0.22423990229623159,-1.1616596560214651,-0.2398661914921565,-0.001000000000000112,-0.07445574589007808,-0.23360765254404708,-0.06823215290956176,0.03576716417910383,-0.08234880205954428,0,0,0,0,0,0,0,0
180,657777.038,0.976582014032509,0.27842333137792025,1.446,0.3017674276698197,-1.057476318359375,0.16296240234375,-0.11450377223008656,0.0489198749605127,1.452,0.22423990229623159,-1.0910857862625956,-0.22950345641740755,0.006000000000000005,-0.07752752537358809,-0.1655297482758462,-0.058952385498517175,0.04249230769230832,-0.09170496914363427,0,0,0,0,0,0,0,0
181,657842.254,0.8997764521334695,0.2681523923124486,1.444,0.30277971863597647,-1.14581298828125,0.19530633544921874,-0.11450377223008656,0.0489198749605127,1.452,0.22423990229623159,-1.014280224363556,-0.21923251735193588,0.008000000000000007,-0.07853981633974488,-0.08044254607600287,-0.05255548609001427,0.017511111111111127,-0.08336024951192009,0,0,0,0,0,0,0,0
182,657907.501,0.8190227245819308,0.2550040638239878,1.435,0.30344294375173436,-1.2150126953125,0.17292726135253905,-0.11450377223008656,0.0489198749605127,1.452,0.22423990229623159,-0.9335264968120174,-0.20608418886347513,0.016999999999999904,-0.07920304145550278,-0.05111906247897163,-0.0353668742705425,0.05992352941176409,-0.08212903461325818,0,0,0,0,0,0,0,0
183,657972.595,0.7262067878324324,0.23699158401736498,1.434,0.304141075452532,-1.4093663330078126,0.1581683807373047,-0.11450377223008656,0.0489198749605127,1.452,0.22423990229623159,-0.840710560062519,-0.18807170905685228,0.018000000000000016,-0.07990117315630041,0.07942284092757795,0.0029544213533892055,0.019784615384616,-0.0831233194676741,0,0,0,0,0,0,0,0
184,658037.719,0.6268849351534695,0.21845851230531757,1.43,0.30244810607809747,-1.5047039794921875,0.1809270477294922,-0.11450377223008656,0.0489198749605127,1.452,0.22423990229623159,-0.7413887073835561,-0.16953863734480487,0.02200000000000002,-0.07820820378186588,0.15601244081787347,0.013512122224818637,0.03881212121212124,-0.07051288844352713,0,0,0,0,0,0,0,0
185,658103.088,0.5264005185522049,0.20025175111701057,1.428,0.3015579881595803,-1.5201971435546875,0.1882460479736328,-0.11450377223008656,0.0489198749605127,1.452,0.22423990229623159,-0.6409042907822915,-0.15133187615649787,0.02400000000000002,-0.0773180858633487,0.21241976082768166,0.020885068223379058,0.029806060606060635,-0.07327209532463427,0,0,0,0,0,0,0,0
186,658168.151,0.42416527144324706,0.18398777133503214,1.422,0.30063296365602343,-1.5367861328125,0.22251968383789061,-0.11450377223008656,0.0489198749605127,1.452,0.22423990229623159,-0.5386690436733337,-0.13506789637451944,0.030000000000000027,-0.07639306135979185,0.2986390732130988,0.022821495045953807,0.05733333333333338,-0.07198818277142585,0,0,0,0,0,0,0,0
187,658233.276,0.3260793139070529,0.16885826285409453,1.413,0.2975611841725134,-1.4725042724609374,0.21892124938964844,-0.11450377223008656,0.0489198749605127,1.452,0.22423990229623159,-0.4405830861371395,-0.11993838789358183,0.038999999999999924,-0.07332128187628184,0.3078636128955528,0.02149739018133466,0.07966153846153784,-0.059143838106235656,0,0,0,0,0,0,0,0
188,658298.431,0.23362567450437774,0.15506020990687547,1.414,0.2965488932063567,-1.386542236328125,0.20872113037109374,-0.11450377223008656,0.0489198749605127,1.452,0.22423990229623159,-0.34812944673446433,-0.10614033494636277,0.038000000000000034,-0.0723089909101251,0.3162197280105905,0.020101325428737854,0.02509696969697031,-0.06770766833668539,0,0,0,0,0,0,0,0
189,658363.677,0.1448937783856463,0.14040798595499013,1.426,0.29557150882523975,-1.3371075439453124,0.17875053405761718,-0.11450377223008656,0.0489198749605127,1.452,0.22423990229623159,-0.2593975506157329,-0.09148811099447743,0.026000000000000023,-0.07133160652900816,0.34808835763914897,0.03315253501291311,-0.04381538461538464,-0.06682060169308382,0,0,0,0,0,0,0,0
190,658428.955,0.06379809248453541,0.12657735976888815,1.444,0.29417524542364437,-1.22411572265625,0.1558682403564453,-0.11450377223008656,0.0489198749605127,1.452,0.22423990229623159,-0.17830186471462198,-0.07765748480837545,0.008000000000000007,-0.06993534312741279,0.34751814557174776,0.03564386013636138,-0.090523076923077,-0.06349105050466489,0,0,0,0,0,0,0,0
191,658493.988,-0.007068495911398651,0.11414814831396064,1.453,0.29321531433504755,-1.0713919677734376,0.1297880859375,-0.11450377223008656,0.0489198749605127,1.452,0.22423990229623159,-0.10743527631868792,-0.06522827335344794,-0.001000000000000112,-0.06897541203881596,0.31648095793881903,0.03231457987886749,-0.04781492537313504,-0.0646772131346511,0,0,0,0,0,0,0,0
192,658559.112,-0.06686881175727039,0.10315660251679443,1.468,0.2941577921311245,-0.9063737182617188,0.10142657470703124,-0.11450377223008656,0.0489198749605127,1.452,0.22423990229623159,-0.04763496047281618,-0.05423672755628173,-0.016000000000000014,-0.06991788983489289,0.30840649668510156,0.0339457795394492,-0.0961333333333328,-0.0744058793400211,1428403110696,0,0,0,0,0,0,0
193,658624.481,-0.12165912751595105,0.09428038890376109,1.478,0.2956936818728795,-0.8251560668945312,0.11085930633544921,-0.11450377223008656,0.0489198749605127,1.452,0.22423990229623159,0.007155355285864487,-0.04536051394324839,-0.026000000000000023,-0.07145377957664789,0.29413238242381456,0.024390572794461697,-0.07383030303030308,-0.07843509658462518,1428403110696,0,0,0,0,0,0,0
194,658689.483,-0.1654419092417278,0.08701540005491451,1.48,0.2935469268929263,-0.6599949340820312,0.08713148498535156,-0.11450377223008656,0.0489198749605127,1.452,0.22423990229623159,0.05093813701164124,-0.03809552509440181,-0.028000000000000025,-0.06930702459669469,0.26122250856769536,0.02007140817735758,-0.0331692307692308,-0.05939892468921837,1428403110696,0,0,0,0,0,0,0
195,658754.76,-0.19868315286265067,0.07959678586924543,1.478,0.2930756879948879,-0.5094880981445312,0.037755840301513674,-0.11450377223008656,0.0489198749605127,1.452,0.22423990229623159,0.08417938063256411,-0.03067691090873273,-0.026000000000000023,-0.06883578569865634,0.21836901254844882,0.024002680378727242,-0.010193939393939406,-0.06669379070757292,1428403110696,0,0,0,0,0,0,0
196,658819.946,-0.2252403287326059,0.07184752994901768,1.467,0.2942625118862443,-0.41495278930664065,0.0038023788928985597,-0.11450377223008656,0.0489198749605127,1.452,0.22423990229623159,0.11073655650251935,-0.022927654988504978,-0.015000000000000124,-0.07002260959001272,0.20060283379007735,0.030914915819493023,0.04815624999999934,-0.07558584658074576,0,0,0,0,0,0,0,0
197,658885.223,-0.24499899202965736,0.06436580939785881,1.479,0.296095107600838,-0.3161897583007813,-0.02144162368774414,-0.11450377223008656,0.0489198749605127,1.452,0.22423990229623159,0.1304952197995708,-0.015445934437346112,-0.027000000000000135,-0.07185520530460643,0.17002840011142184,0.03195282358292698,-0.08523636363636379,-0.08018518582548692,0,0,0,0,0,0,0,0
198,658950.286,-0.2528473207527619,0.058072082455780494,1.478,0.29691541234927543,-0.14014837646484374,-0.055946998596191407,-0.11450377223008656,0.0489198749605127,1.452,0.22423990229623159,0.13834354852267533,-0.009152207495267795,-0.026000000000000023,-0.07267551005304385,0.11209232196581559,0.0298427154668569,-0.015331249999999408,-0.07652068856134424,0,0,0,0,0,0,0,0
199,659015.411,-0.25461372847509334,0.05160869636006851,1.477,0.2996904858599465,-0.053701824188232425,-0.08495654296875,-0.11450377223008656,0.0489198749605127,1.452,0.22423990229623159,0.14010995624500677,-0.002688821399555813,-0.025000000000000133,-0.07545058356371492,0.07942229180153376,0.032931121625967445,-0.01469696969697039,-0.08806455406676528,0,0,0,0,0,0,0,0
200,659080.535,-0.2496386948652002,0.048008381913236316,1.474,0.30070277682610325,0.05535577392578125,-0.07362889099121094,-0.11450377223008656,0.0489198749605127,1.452,0.22423990229623159,0.13513492263511365,0.0009114930472763835,-0.02200000000000002,-0.07646287452987166,0.03948259416493434,0.02078010227188446,-0.0006645161290316295,-0.08136105662417845,0,0,0,0,0,0,0,0
201,659145.874,-0.23907446247409497,0.04478787004508994,1.47,0.2994286864721474,0.137044677734375,-0.09307558441162109,-0.11450377223008656,0.0489198749605127,1.452,0.22423990229623159,0.12457069024400841,0.00413200491542276,-0.018000000000000016,-0.07518878417591579,0.007910619579550783,0.018642166484935375,0.006188235294117651,-0.06956779732022812,0,0,0,0,0,0,0,0
202,659210.876,-0.22231105684173258,0.041667400411102506,1.464,0.29621728064847774,0.2264559326171875,-0.11889599609375,-0.11450377223008656,0.0489198749605127,1.452,0.22423990229623159,0.10780728461164601,0.007252474549410193,-0.01200000000000001,-0.07197737835224616,-0.036360849560743716,0.020428766073098965,0.022707692307692318,-0.057155505319924776,0,0,0,0,0,0,0,0
203,659276.123,-0.20124631405298415,0.04000603630435108,1.46,0.2944544981039634,0.2949354248046875,-0.11606845855712891,-0.11450377223008656,0.0489198749605127,1.452,0.22423990229623159,0.08674254182289759,0.008913838656161618,-0.008000000000000007,-0.07021459580773182,-0.07005426718181194,0.01340272605674233,0.015138461538461549,-0.06207867637151178,1428403111413,0,0,0,0,0,0,0
204,659341.217,-0.18056545940588734,0.03656987005408789,1.461,0.292168116783851,0.28190289306640626,-0.13935343933105468,-0.11450377223008656,0.0489198749605127,1.452,0.22423990229623159,0.06606168717580077,0.012350004906424808,-0.009000000000000119,-0.06792821448761943,-0.07664035529821911,0.0243970962046081,-0.012503030303030991,-0.057535572123472226,1428403111413,0,0,0,0,0,0,0
205,659406.494,-0.1543299028115625,0.03324061083636537,1.47,0.2883109391369434,0.3624721984863281,-0.161171630859375,-0.11450377223008656,0.0489198749605127,1.452,0.22423990229623159,0.03982613058147594,0.01567926412414733,-0.018000000000000016,-0.0640710368407118,-0.12135531637101113,0.025766412465194934,-0.06286153846153791,-0.046268678470368904,1428403111413,0,0,0,0,0,0,0
206,659471.679,-0.12928291301753014,0.026220185258167175,1.472,0.2831622178435602,0.33025570678710936,-0.20778530883789062,-0.11450377223008656,0.0489198749605127,1.452,0.22423990229623159,0.014779140787443579,0.022699689702345524,-0.020000000000000018,-0.05892231554732863,-0.12747883618952938,0.04915213642608612,-0.02676923076923079,-0.03515898650094475,1428403111413,0,0,0,0,0,0,0
207,659536.773,-0.10360768334917742,0.01707430713366731,1.47,0.27878144142105454,0.3314619140625,-0.23932720947265626,-0.11450377223008656,0.0489198749605127,1.452,0.22423990229623159,-0.01089608888090915,0.03184556782684539,-0.018000000000000016,-0.05454153912482296,-0.14369928111620003,0.06516981996842197,-0.003630769230769236,-0.034322571020950626,1428403111413,0,0,0,0,0,0,0
208,659601.989,-0.08188551437061665,0.005884291405054642,1.477,0.2738421596379106,0.2670628662109375,-0.25103379821777344,-0.11450377223008656,0.0489198749605127,1.452,0.22423990229623159,-0.03261825785946991,0.04303558355545806,-0.025000000000000133,-0.049602257341679,-0.13327465419890827,0.08177172262410493,-0.057692307692308424,-0.026805572188706897,1428403111739,0,0,0,0,0,0,0
209,659667.419,-0.06464078603668943,-0.005431004963580385,1.47,0.2700373418685629,0.20313223266601563,-0.233358154296875,-0.11450377223008656,0.0489198749605127,1.452,0.22423990229623159,-0.04986298619339713,0.054350879924093085,-0.018000000000000016,-0.04579743957233129,-0.11115513476633465,0.08375192180522167,0.020600000000000566,-0.02949107770369824,1428403111809,0,0,0,0,0,0,0
210,659732.421,-0.052001073197694835,-0.01644606710243099,1.462,0.266546683364574,0.1386480255126953,-0.20981625366210938,-0.11450377223008656,0.0489198749605127,1.452,0.22423990229623159,-0.06250269903239172,0.06536594206294369,-0.010000000000000009,-0.0423067810683424,-0.1037742920350173,0.0958841472379917,0.03790163934426233,-0.025139608097905258,1428403111870,0,0,0,0,0,0,0
211,659797.729,-0.046299188477930145,-0.022260289156073223,1.45,0.2641904888743818,0.05953581237792969,-0.10666178894042969,-0.11450377223008656,0.0489198749605127,1.452,0.22423990229623159,-0.06820458375215642,0.07118016411658593,0.0020000000000000018,-0.039950586578150205,-0.06480474805942657,0.06689743157790501,0.06621538461538466,-0.029075842777263137,1428403111935,0,0,0,0,0,0,0
212,659862.609,-0.044022909644311325,-0.02705556527489276,1.441,0.2636494368062636,0.014176815032958985,-0.07834950256347656,-0.11450377223008656,0.0489198749605127,1.452,0.22423990229623159,-0.07048086258577524,0.07597544023540546,0.010999999999999899,-0.03940953451003204,-0.047497317320065874,0.06380843768057717,0.057261538461537816,-0.03691237111871744,1428403112000,0,0,0,0,0,0,0
213,659927.825,-0.04428518100210557,-0.03126498773061308,1.427,0.2587974214857194,-0.020253116607666016,-0.059934268951416014,-0.11450377223008656,0.0489198749605127,1.452,0.22423990229623159,-0.07021859122798099,0.08018486269112578,0.02499999999999991,-0.034557519189487795,-0.03369706522586763,0.06275855226097996,0.09538461538461537,-0.012163602325437433,1428403112065,0,0,0,0,0,0,0
214,659993.072,-0.04717932796969751,-0.03337221443392538,1.419,0.2546958977435325,-0.0500556755065918,-0.019445817947387697,-0.11450377223008656,0.0489198749605127,1.452,0.22423990229623159,-0.06732444426038905,0.08229208939443808,0.03299999999999992,-0.030455995447300932,-0.01807835384316102,0.05249265002274681,0.06947692307692305,-0.01152588586797695,1428403112130,0,0,0,0,0,0,0
215,660058.166,-0.05192549829119958,-0.034241829695524514,1.417,0.2520080906954614,-0.07218238830566406,0.0053136229515075685,-0.11450377223008656,0.0489198749605127,1.452,0.22423990229623159,-0.06257827393888699,0.08316170465603721,0.03499999999999992,-0.027768188399229787,-0.0061200519311749475,0.04619244841225645,0.038606060606060554,-0.01555088363527004,1428403112196,0,0,0,0,0,0,0
216,660123.291,-0.05702853572770018,-0.03478191843817002,1.417,0.2514495853348233,-0.0761478271484375,0.011241128921508789,-0.11450377223008656,0.0489198749605127,1.452,0.22423990229623159,-0.05747523650238638,0.08370179339868272,0.03499999999999992,-0.027209683038591725,-0.0012597243623437872,0.044759066852047946,0.027999999999999938,-0.02463196598949298,1428403112261,0,0,0,0,0,0,0
217,660188.659,-0.0654482865370643,-0.03469828760933791,1.423,0.2498613357155084,-0.12201247406005859,0.0326385612487793,-0.11450377223008656,0.0489198749605127,1.452,0.22423990229623159,-0.04905548569302226,0.08361816256985061,0.028999999999999915,-0.025621433419276807,0.020122450839510725,0.04136558446536106,-0.00861818181818191,-0.01840211696784536,1428403112327,0,0,0,0,0,0,0
218,660253.662,-0.07362567346304517,-0.0337234173429971,1.427,0.24806364658595426,-0.11523594665527344,0.04449924850463867,-0.11450377223008656,0.0489198749605127,1.452,0.22423990229623159,-0.04087809876704139,0.08264329230350981,0.02499999999999991,-0.02382374428972267,0.02428103536793718,0.03599032438270366,-0.0018750000000000884,-0.015397076494937656,1428403112391,0,0,0,0,0,0,0
219,660318.878,-0.0859752393475269,-0.03227491477645274,1.43,0.24844761902139312,-0.17423841857910155,0.06654479217529297,-0.11450377223008656,0.0489198749605127,1.452,0.22423990229623159,-0.02852853288255966,0.08119478973696544,0.02200000000000002,-0.024207716725161532,0.0522333960136218,0.03279776566401303,0.0014461538461544472,-0.025979897196417818,1428403112456,0,0,0,0,0,0,0
220,660384.002,-0.09743908202820803,-0.02749239100793588,1.433,0.24918065730723057,-0.1490374298095703,0.11181947326660156,-0.11450377223008656,0.0489198749605127,1.452,0.22423990229623159,-0.017064690201878535,0.07641226596844858,0.018999999999999906,-0.02494075501099899,0.05226076002388487,0.012844264514816711,-0.0007090909090915858,-0.028272747219351062,1428403112522,0,0,0,0,0,0,0
221,660449.218,-0.10989990406015761,-0.024791448605172538,1.432,0.24904103096707095,-0.1711483154296875,0.0853572998046875,-0.11450377223008656,0.0489198749605127,1.452,0.22423990229623159,-0.004603868169928957,0.07371132356568524,0.020000000000000018,-0.024801128670839362,0.06584318640225978,0.02208488301773064,0.021468750000000626,-0.024146630201341113,1428403112586,0,0,0,0,0,0,0
222,660514.465,-0.11959184158709,-0.023719419948023228,1.443,0.2493726435249499,-0.13693058776855468,0.051416595458984374,-0.11450377223008656,0.0489198749605127,1.452,0.22423990229623159,0.005088069357003441,0.07263929490853593,0.008999999999999897,-0.02513274122871831,0.05473139059275309,0.03054718545423322,-0.05203076923076995,-0.02666326072662114,1428403112651,0,0,0,0,0,0,0
223,660579.559,-0.1281628514854224,-0.022338667921220145,1.448,0.2513797721647435,-0.11947683715820312,0.051799999237060544,0.003806186976276077,-0.5082531407009494,1.443,0.2493726435249499,0.13196903846169847,-0.48591447277972927,-0.004999999999999893,-0.002007128639793604,0.06598451923084923,-0.24295723638986463,-0.003999999999999915,-0.002007128639793604,0,0,0,0,0,0,0,0
224,660644.744,-0.13466691781575785,-0.01899222225748349,1.45,0.258291276002641,-0.08200871276855469,0.07288639068603515,0.003806186976276077,-0.5082531407009494,1.443,0.2493726435249499,0.13847310479203392,-0.4892609184434659,-0.006999999999999895,-0.008918632477691119,0.10425844802090019,-0.26264978202646877,-0.016369230769230695,-0.04081788096029503,0,0,0,0,0,0,0,0
225,660710.479,-0.1377243387690237,-0.012234657960343884,1.452,0.26417303558186167,-0.01844883918762207,0.10971532440185547,0.003806186976276077,-0.5082531407009494,1.443,0.2493726435249499,0.14153052574529978,-0.4960184827406055,-0.008999999999999897,-0.014800392056911776,0.08722829877485068,-0.2843961260472082,-0.017969230769230696,-0.04194697473023788,0,0,0,0,0,0,0,0
226,660775.085,-0.13818774824743643,-0.00623486441316962,1.455,0.2674193479905711,0.016789190292358397,0.0886898193359375,0.003806186976276077,-0.5082531407009494,1.443,0.2493726435249499,0.1419939352237125,-0.5020182762877797,-0.01200000000000001,-0.018046704465621205,0.0734544421185904,-0.2828262251364805,-0.025509090909091522,-0.03280266995975497,0,0,0,0,0,0,0,0
227,660840.332,-0.13705120973494467,-0.005685044826747362,1.47,0.2693217568752453,0.018621414184570313,0.003449310302734375,0.003806186976276077,-0.5082531407009494,1.443,0.2493726435249499,0.14085739671122074,-0.502568095874202,-0.026999999999999913,-0.019949113350295394,0.06430887559603934,-0.25424461494091344,-0.10236923076923016,-0.028729462048791652,0,0,0,0,0,0,0,0
228,660905.456,-0.13375244459778546,-0.009138381595049127,1.472,0.2740515991481498,0.03391490936279297,-0.06309865951538086,0.003806186976276077,-0.5082531407009494,1.443,0.2493726435249499,0.13755863157406154,-0.49911475910590025,-0.028999999999999915,-0.02467895562319991,0.05101673427925041,-0.23096248926209437,-0.03396923076923071,-0.04650899688275921,0,0,0,0,0,0,0,0
229,660970.581,-0.1289198392145194,-0.01746136940929783,1.48,0.27726300497181944,0.035996696472167966,-0.13980390930175782,0.003806186976276077,-0.5082531407009494,1.443,0.2493726435249499,0.1327260261907955,-0.4907917712916516,-0.03699999999999992,-0.027890361446869544,0.04034129180088826,-0.20057979741525603,-0.07267692307692306,-0.042712234479190925,0,0,0,0,0,0,0,0
230,661035.858,-0.12025987957409905,-0.03650578303864872,1.495,0.2800904383600502,0.04674454879760742,-0.31031271362304685,0.003806186976276077,-0.5082531407009494,1.443,0.2493726435249499,0.12406606655037512,-0.4717473576623007,-0.052000000000000046,-0.030717794835100315,0.015402481365231757,-0.13332683621156866,-0.12236923076923147,-0.043767487396165414,0,0,0,0,0,0,0,0
231,661100.952,-0.11095826456627232,-0.0594737428315631,1.493,0.2833192974762396,0.03884720230102539,-0.3696640625,0.003806186976276077,-0.5082531407009494,1.443,0.2493726435249499,0.1147644515425484,-0.4487793978693863,-0.050000000000000044,-0.03394665395128968,0.007296606498361072,-0.1007160692805388,-0.029230769230769258,-0.048849080641394434,0,0,0,0,0,0,0,0
232,661166.137,-0.09889205718271521,-0.09086046197603354,1.491,0.28698448890542766,0.042167823791503904,-0.5026268615722657,0.003806186976276077,-0.5082531407009494,1.443,0.2493726435249499,0.10269824415899129,-0.41739267872491587,-0.04800000000000004,-0.037611845380477765,-0.013622763831965715,-0.03969092858454018,-0.02763076923076926,-0.054528113515192,0,0,0,0,0,0,0,0
233,661231.414,-0.08563898238278189,-0.12614210048543167,1.484,0.2901086282664978,0.04086270523071289,-0.5638517456054688,0.003806186976276077,-0.5082531407009494,1.443,0.2493726435249499,0.08944516935905797,-0.3821110402155177,-0.040999999999999925,-0.04073598474154791,-0.02555887259284466,-0.0039559219518596755,0.004321212121212795,-0.05493661820095765,0,0,0,0,0,0,0,0
234,661296.417,-0.06983963420450891,-0.16863863847916716,1.479,0.29225538324645056,0.04474102020263672,-0.6786034545898437,0.003806186976276077,-0.5082531407009494,1.443,0.2493726435249499,0.07364582118078498,-0.33961450222178224,-0.03600000000000003,-0.04288273972150067,-0.04696151156711575,0.055553177643766716,-0.00228484848484908,-0.052640716903104116,0,0,0,0,0,0,0,0
235,661361.724,-0.05316383981675537,-0.21400490503417635,1.474,0.2955016956551602,0.04347127151489258,-0.723706298828125,0.003806186976276077,-0.5082531407009494,1.443,0.2493726435249499,0.056970026793031446,-0.29424823566677305,-0.030999999999999917,-0.04612905213021032,-0.06271073716151143,0.10097265238931996,0.0025437500000006948,-0.061346141546036806,0,0,0,0,0,0,0,0
