n,time,state.x,state.y,state.z,state.yaw,state.vx,state.vy,goal.x,goal.y,goal.z,goal.yaw,error.ex,error.ey,error.ez,error.eyaw,control.ux,control.uy,control.uz,control.uyaw,last_OK,ekf.s.x,ekf.s.y,ekf.s.yaw
0,1411679.443,0.004164287181856967,-0.01372021829034741,0.779,0,-0.00315604567527771,0.1509195098876953,-0.07037236254432779,0.09581369028388957,0.779,-0.40009927772717996,-0.07453664972618475,0.10953390857423698,0,-0.40009927772717996,-0.037268324863092374,0.05476695428711849,0,-0.40009927772717996,0,1,0,0,0,-0.005413573336414058,0.017836283777451636,93.88570404052734,0,0,0,-0.005413573336414058,0.017836283777451636,93.88570404052734
1,1411744.75,0.007571702465589617,-0.00604965248027826,0.782,-0.006038839211900626,-0.016688344955444336,0.17933799743652343,-0.07037236254432779,0.09581369028388957,0.779,-0.40009927772717996,-0.07794406500991741,0.10186334276416784,-0.0030000000000000027,-0.39406043851527933,-0.057606334837871684,0.008983264608268308,-0.018806250000000017,-0.3657533797094952,0,1,0.0030517308514940115,-0.0017643517945791828,-0.34600000000001413,-0.0037396293119252412,0.01038353413015667,93.83251190185547,-0.0030623297790877903,0.001745890823936959,0.34600000000001413,-0.0006772995328374509,0.008637643306219711,93.48651190185545
2,1411809.783,0.012352330239195002,-0.0005607607009693533,0.782,-0.028291787174828057,-0.014282238960266114,0.15461386108398437,-0.07037236254432779,0.09581369028388957,0.779,-0.40009927772717996,-0.08272469278352279,0.09637445098485893,-0.0030000000000000027,-0.3718074905523519,-0.06750640452866583,0.0181698485743339,-0.0024000000000000024,-0.2674967969761296,0,1,0.006681816067617449,0.004263500154149118,-1.6209999999999987,-0.005413573336414058,0.00814770923596817,93.1482162475586,-0.006558536150792816,-0.0044508092617684715,1.6209999999999987,0.0011449628143787582,0.012598518497736641,91.52721624755858
3,1411875,0.01872427088169014,0.0002813227455298901,0.785,-0.05070181477043523,-0.010194046020507812,0.1652410888671875,-0.07037236254432779,0.09581369028388957,0.779,-0.40009927772717996,-0.08909663342601792,0.09553236753835968,-0.006000000000000005,-0.34939746295674473,-0.07833891102927103,0.04330058973471414,-0.020709090909090927,-0.2475337011585303,0,1,0.011984621944314293,0.010470128033550248,-2.9049999999999976,-0.010142130896305286,0.025982441793450294,92.36585998535156,-0.011438593886734346,-0.011064055046927328,2.9049999999999976,0.00129646299042906,0.03704649684037762,89.46085998535156
4,1411940.307,0.02427364217863791,0.003170363692947823,0.789,-0.06719517620178171,-0.03476654052734375,0.2056283721923828,-0.07037236254432779,0.09581369028388957,0.779,-0.40009927772717996,-0.0946460047229657,0.09264332659094175,-0.010000000000000009,-0.33290410152539823,-0.07631225540523985,0.03122965834627273,-0.028895522388059723,-0.2590532294447423,0,1,0.017104231013343463,0.01408972931968225,-3.8500000000000014,-0.010853891416002704,0.034232333001500685,91.26997375488281,-0.016119581562899915,-0.015206389482607338,3.8500000000000014,0.005265690146897211,0.04943872248410802,87.4199737548828
5,1412005.31,0.02974583508721521,0.008792460769614825,0.79,-0.083723444218168,-0.04426956939697266,0.22562930297851563,-0.07037236254432779,0.09581369028388957,0.779,-0.40009927772717996,-0.10011819763154299,0.08702122951427474,-0.01100000000000001,-0.31637583350901194,-0.0804601705300898,0.012276742108987302,-0.014355555555555568,-0.2376697953357439,0,1,0.022338984169123565,0.01837653557939857,-4.7970000000000015,-0.010142130896305286,0.030509987204182003,90.06893920898438,-0.02072398600758291,-0.020180279422415404,4.7970000000000015,0.010581855111277624,0.05069026662659741,85.27193920898438
6,1412070.617,0.036337552769913364,0.018432382755832658,0.791,-0.10054841820739345,-0.04757655715942383,0.26719754028320314,-0.07037236254432779,0.09581369028388957,0.779,-0.40009927772717996,-0.10670991531424115,0.07738130752805691,-0.01200000000000001,-0.2995508595197865,-0.0883110362774896,-0.01243014464773274,-0.014903030303030317,-0.2230737050233072,0,1,0.028074812731062913,0.026808476272952925,-5.761000000000007,-0.010853891416002704,0.02007210867164018,89.14891052246095,-0.02524200411237433,-0.029491197641883075,5.761000000000007,0.014388112696371627,0.04956330631352325,83.38791052246094
7,1412135.711,0.04316041775131272,0.0322081200504202,0.791,-0.1145634121009078,-0.07275289154052735,0.30716891479492187,-0.07037236254432779,0.09581369028388957,0.779,-0.40009927772717996,-0.11353278029564051,0.06360557023346937,-0.01200000000000001,-0.28553586562627215,-0.09294824989766536,-0.04125036720304775,-0.00960000000000001,-0.22183134792847964,0,1,0.033567412576271945,0.039293739714786585,-6.564000000000001,-0.01252783544049152,0.003676059447591218,88.17955017089844,-0.028855586805294972,-0.04287335160634334,6.564000000000001,0.016327751364803453,0.04654941105393456,81.61555017089844
8,1412200.988,0.05031878442244418,0.0498314811071835,0.792,-0.12856095270190251,-0.09440666198730469,0.32809713745117186,-0.07037236254432779,0.09581369028388957,0.779,-0.40009927772717996,-0.12069114696677197,0.04598220917670607,-0.013000000000000012,-0.2715383250252774,-0.09830660886059825,-0.07046611313690689,-0.015703030303030316,-0.20791314047530138,0,1,0.03940828129440525,0.05465733984712842,-7.366000000000011,-0.013531867545895117,-0.02608433042996432,87.1490936279297,-0.03207560189006038,-0.05925869722778098,7.366000000000011,0.018543734344165265,0.03317436679781666,79.78309362792969
9,1412266.296,0.05664736156327744,0.07083622222381439,0.794,-0.1419999879422589,-0.127838134765625,0.3444019165039062,-0.07037236254432779,0.09581369028388957,0.779,-0.40009927772717996,-0.12701972410760523,0.024977468060075184,-0.015000000000000013,-0.258099289784921,-0.09811926829273451,-0.10238094395153755,-0.02293750000000002,-0.19510381209575045,0,1,0.044810226593947365,0.07369477897819982,-8.136000000000013,-0.010142130896305286,-0.05853173920687483,86.17569732666016,-0.03392968364583142,-0.07929472506882428,8.136000000000013,0.023787552749526132,0.020762985861949447,78.03969732666015
10,1412331.329,0.06288176802786338,0.09735605390088524,0.792,-0.1533271747877021,-0.15875389099121093,0.37483197021484377,-0.07037236254432779,0.09581369028388957,0.779,-0.40009927772717996,-0.13325413057219115,-0.0015423636169956678,-0.013000000000000012,-0.24677210293947785,-0.10019694624925055,-0.14357027545426396,0.00036923076923076753,-0.19449277903743242,0,1,0.049706789432827275,0.09707133075866346,-8.785000000000014,-0.006328677165516685,-0.1105985114302894,85.06284332275392,-0.03429822507468134,-0.10352410312436314,8.785000000000014,0.027969547909164654,-0.007074408305926261,76.27784332275391
11,1412396.514,0.06631119638859158,0.12674238056476594,0.787,-0.16584118552450125,-0.22379470825195313,0.37979702758789063,-0.07037236254432779,0.09581369028388957,0.779,-0.40009927772717996,-0.13668355893291936,-0.030928690280876373,-0.008000000000000007,-0.2342580922026787,-0.08680793217807312,-0.1736984117921035,0.020523076923076936,-0.17650111957129805,0,1,0.05200417240486756,0.12465744858526434,-9.502000000000004,0.00043409998056436806,-0.15191746342940843,84.03036499023438,-0.030711961703955255,-0.13153208294403992,9.502000000000004,0.031146061684519624,-0.020385380485368504,74.52836499023438
12,1412461.853,0.06733893692948033,0.1558357126739323,0.787,-0.17845991601642022,-0.2620120544433594,0.34065335083007814,-0.07037236254432779,0.09581369028388957,0.779,-0.40009927772717996,-0.1377112994738081,-0.060022022390042715,-0.008000000000000007,-0.22163936171075974,-0.07438963726476655,-0.18666741485976318,-0.006400000000000006,-0.16339906713267216,0,1,0.05283243244609542,0.15202458156656384,-10.225000000000003,0.01654024583190299,-0.19121611497110008,83.15484619140625,-0.025006844911647723,-0.15898866949007673,10.225000000000003,0.041547090743550716,-0.032227445481023353,72.92984619140627
13,1412526.885,0.050848292638796186,0.17927397662859765,0.799,-0.19121827284849882,-0.3058405151367187,0.30208050537109377,-0.07037236254432779,0.09581369028388957,0.779,-0.40009927772717996,-0.12122065518312397,-0.08346028634470808,-0.020000000000000018,-0.20888100487868114,0.02684005879842967,-0.1660239671743673,-0.0796363636363637,-0.15088847382377843,0,0,0,0,0,0,0,0
14,1412592.102,0.031285572487536474,0.20244830995228474,0.784,-0.2032959512722996,-0.35415838623046875,0.28550924682617185,-0.07037236254432779,0.09581369028388957,0.779,-0.40009927772717996,-0.10165793503186427,-0.10663461966839517,-0.0050000000000000044,-0.19680332645488036,0.05615465831126937,-0.18005194519811138,0.07803125000000007,-0.1401892088433142,0,0,0,0,0,0,0,0
15,1412657.226,0.007130693485679022,0.2217969810494079,0.777,-0.211481545464153,-0.41345867919921875,0.21110069274902343,-0.07037236254432779,0.09581369028388957,0.779,-0.40009927772717996,-0.0775030560300068,-0.12598329076551834,0.0020000000000000018,-0.18861773226302697,0.0913132050719214,-0.16717679744419162,0.039292307692307724,-0.1508380667621652,0,0,0,0,0,0,0,0
16,1412722.442,-0.0214260254511306,0.23711802383635885,0.757,-0.21933552709812754,-0.4670478515625,0.13478103637695313,-0.07037236254432779,0.09581369028388957,0.779,-0.40009927772717996,-0.048946337093197186,-0.1413043335524693,0.02200000000000002,-0.18076375062905242,0.12929377957468396,-0.1531500894752013,0.12529230769230779,-0.14451460462609297,0,0,0,0,0,0,0,0
