n,time,state.x,state.y,state.z,state.yaw,state.vx,state.vy,goal.x,goal.y,goal.z,goal.yaw,error.ex,error.ey,error.ez,error.eyaw,control.ux,control.uy,control.uz,control.uyaw,last_OK,ekf.s.x,ekf.s.y,ekf.s.yaw
0,40018.341,-0.018480701029649875,-0.042652688721783245,0.736,0,0.025559139251708985,0.06523451995849609,-0.13595611215060396,0.0010303319401971647,0.735,0.6133086991508077,-0.11747541112095408,0.04368302066198041,-0.0010000000000000009,0.6133086991508077,-0.05873770556047704,0.021841510330990205,-0.0008000000000000008,0.6133086991508077,0,1,0,0,0,0.02402491133854484,0.05544849533831822,94.50616455078125,0,0,0,0.02402491133854484,0.05544849533831822,94.50616455078125
1,40084.045,-0.031281542174245586,-0.036089541061642014,0.735,0.004991641660703872,0.01976783561706543,0.043959430694580075,-0.13595611215060396,0.0010303319401971647,0.735,0.6133086991508077,-0.10467456997635838,0.03711987300183918,0,0.6083170574901038,0.015545963505888924,-0.016244634424071785,0.005303030303030307,0.5856277772141771,0,1,-0.01716284532184551,-0.03972206000881124,0.28600000000000514,0.023879109854981446,0.042432873382327936,94.95899200439453,0.01736090896957813,0.03963589472479734,-0.28600000000000514,0.006518200885403315,0.002796978657530598,95.24499200439453
2,40148.681,-0.03763851967372467,-0.028634243448293323,0.734,0.05752605214573314,0.005942746639251709,0.026390008926391602,-0.13595611215060396,0.0010303319401971647,0.735,0.6133086991508077,-0.0983175924768793,0.02966457538849049,0.0010000000000000009,0.5557826470050745,-0.014394075538163416,-0.025938871128755404,0.006268750000000005,0.30952759785649986,0,1,-0.030894145928760414,-0.034328251455479325,3.2960000000000025,0.020928114893240552,0.03821401177894853,95.16897583007812,0.03281672164656954,0.032495228588667234,-3.2960000000000025,-0.011888606753328989,0.005718783190281296,98.46497583007812
3,40214.019,-0.04017492222580976,-0.02194883632244987,0.738,0.10796606752836924,0.007483191013336181,0.0239206485748291,-0.13595611215060396,0.0010303319401971647,0.735,0.6133086991508077,-0.0957811899247942,0.022979168262647037,-0.0030000000000000027,0.5053426316224384,-0.034835581826665005,-0.022920599604635418,-0.022988235294117667,0.2828131519931616,0,1,-0.037232152279317726,-0.02701348872333858,6.186000000000001,0.017120560856107855,0.038184806083369785,97.79840087890625,0.03992623875911502,0.022844193899246832,-6.186000000000001,-0.022805677903007162,0.015340612184122953,103.98440087890626
4,40279.083,-0.04138340679246554,-0.015804369729783614,0.742,0.14807373373919896,-0.005648602962493896,0.009247832298278809,-0.13595611215060396,0.0010303319401971647,0.735,0.6133086991508077,-0.09457270535813841,0.01683470166998078,-0.007000000000000006,0.4652349654116087,-0.0405725495309815,-0.025718574679822154,-0.027822222222222245,0.2742460786933719,0,1,-0.040615737320485686,-0.021376482199690967,8.484000000000004,0.011706732461191534,0.03545926555137683,101.13520812988283,0.043325024660106945,0.015150391002265392,-8.484000000000004,-0.03161829219891541,0.020308874549111438,109.61920812988284
5,40344.238,-0.04012652539420488,-0.010135840887769747,0.744,0.1860346449700757,0.01349440574645996,0.013747413635253907,-0.13595611215060396,0.0010303319401971647,0.735,0.6133086991508077,-0.09582958675639908,0.011166172827966912,-0.009000000000000008,0.42727405418073194,-0.05468261629191079,-0.024939761196860442,-0.017969230769230786,0.25206984849976233,0,1,-0.04062883761739054,-0.01476517971590026,10.659000000000008,0.008081597433157948,0.03545926555137683,102.97522735595705,0.04265882169704911,0.00699556356575316,-10.659000000000008,-0.03457722426389116,0.02846370198562367,113.63422735595704
6,40409.606,-0.03941755454690548,-0.004230322657745102,0.747,0.22305307840487532,-0.0002010154128074646,0.01333864688873291,-0.13595611215060396,0.0010303319401971647,0.735,0.6133086991508077,-0.09653855760369848,0.005260654597942267,-0.01200000000000001,0.39025562074593234,-0.0520868141334614,-0.029168617016546182,-0.025753846153846176,0.21940131258531878,0,1,-0.04030417264659724,-0.009264419991621354,12.780000000000001,0.007181518210705538,0.028980660268960453,105.51516723632812,0.04135506713857493,0.00011929992384990783,-12.780000000000001,-0.03417354892786939,0.028861360345110547,118.29516723632813
7,40474.639,-0.03992209980955608,0.0010746501799930967,0.746,0.25832618258768086,-0.03012331008911133,0.0036413404941558836,-0.13595611215060396,0.0010303319401971647,0.735,0.6133086991508077,-0.09603401234104789,-0.00004431823979593203,-0.01100000000000001,0.3549825165631268,-0.04534138735343748,-0.028154590835176293,-0.0034969696969697006,0.1946502248231016,0,1,-0.04142972442462725,-0.004437815174736695,14.801000000000009,0.0040010245641767875,0.02473259297000231,107.02011108398438,0.04118873778757094,-0.006293182731528231,-14.801000000000009,-0.037187713223394155,0.03102577570153054,121.82111108398438
8,40539.733,-0.04146590351118997,0.0063464504047690135,0.745,0.2904926007019362,-0.05433510589599609,-0.00037129521369934083,-0.13595611215060396,0.0010303319401971647,0.735,0.6133086991508077,-0.09449020863941399,-0.005316118464571849,-0.010000000000000009,0.32281609844887144,-0.03905826650801207,-0.03061457557579457,-0.0026969696969697003,0.176605107020438,0,1,-0.04341792360262083,0.00012534588589288158,16.644000000000002,0.000820530917648058,0.020484525671044244,108.80880737304688,0.04156293637395161,-0.012556039245278728,-16.644000000000002,-0.04074240545630355,0.03304056491632297,125.4528073730469
9,40605.163,-0.0434369717666475,0.011810333122214455,0.739,0.3196919590878015,-0.06748148345947266,-0.004101466178894043,-0.13595611215060396,0.0010303319401971647,0.735,0.6133086991508077,-0.09251914038395646,-0.010780001182017291,-0.0040000000000000036,0.29361674006300614,-0.035646125739514645,-0.034810907531099486,0.029107692307692327,0.15885047058978172,0,1,-0.04569786655594532,0.004795919869087299,18.31700000000001,-0.002757524434696802,0.01552844715559306,110.92021179199219,0.04187522589843,-0.01891457932683541,-18.31700000000001,-0.0446327503331268,0.034443026482428474,129.2372117919922
10,40670.349,-0.048117387528297154,0.017384959229636014,0.734,0.3473030678543518,-0.1097701416015625,-0.0068747086524963376,-0.13595611215060396,0.0010303319401971647,0.735,0.6133086991508077,-0.08783872462230681,-0.016354627289438848,0.0010000000000000009,0.2660056312964559,-0.01791705252421089,-0.03914745868595029,0.0285777777777778,0.13452416097954986,0,1,-0.05024015808693105,0.009075379795882826,19.899000000000008,-0.002757524434696802,0.007032312557676766,111.5198745727539,0.04415159784969924,-0.02563342369559273,-19.899000000000008,-0.046909122284396046,0.032665736253269496,131.4188745727539
11,40735.534,-0.05634867024899656,0.022163609391783568,0.726,0.3722438228653507,-0.16519921875,-0.019362154006958007,-0.13595611215060396,0.0010303319401971647,0.735,0.6133086991508077,-0.0796074419016074,-0.021133277451586403,0.009000000000000008,0.24106487628545697,0.0019491624150628634,-0.03480616853378804,0.04777971014492757,0.13262681102024437,0,1,-0.05803376631818195,0.01242270301568916,21.328000000000003,0.000820530917648058,0.0027842452587186184,113.90518951416016,0.049541024685030924,-0.03267917465981231,-21.328000000000003,-0.04872049376738287,0.03546341991853093,135.2331895141602
12,40800.598,-0.06651208768528272,0.025630446313309296,0.72,0.3950203696038766,-0.19695384216308592,-0.03427262496948242,-0.13595611215060396,0.0010303319401971647,0.735,0.6133086991508077,-0.06944402446532125,-0.02460011437311213,0.015000000000000013,0.21828832954693106,0.02265211845605153,-0.03187091077581421,0.04587096774193552,0.10807923242503148,0,1,-0.0677486706377416,0.015259688840277775,22.633,0.007766730000697248,0.007881320714457957,114.57047271728514,0.056658919063571685,-0.04015603774317038,-22.633,-0.04889218906287444,0.04803735845762833,137.20347271728517
13,40865.661,-0.07902263049534351,0.018113252967387514,0.71,0.41606904038292825,-0.2165986328125,-0.031858352661132815,-0.13595611215060396,0.0010303319401971647,0.735,0.6133086991508077,-0.05693348165526045,-0.017082921027190348,0.025000000000000022,0.1972396587678794,0.03889772045731251,0.03193573442598365,0.0738461538461539,0.10009194747994873,0,0,0,0,0,0,0,0
14,40931.03,-0.092352953190441,0.010336312723441243,0.702,0.43608796690330315,-0.23004350280761718,-0.02588638496398926,-0.13595611215060396,0.0010303319401971647,0.735,0.6133086991508077,-0.043603158960162966,-0.009305980783244079,0.03300000000000003,0.1772207322475045,0.051098622758732885,0.03787715156745912,0.07015000000000006,0.08338201418324716,0,0,0,0,0,0,0,0
15,40996.063,-0.10609379106793278,0.0017508830596484096,0.697,0.45458845697444317,-0.24121957397460939,-0.029667633056640625,-0.13595611215060396,0.0010303319401971647,0.735,0.6133086991508077,-0.029862321082671187,-0.000720551119451245,0.038000000000000034,0.1587202421763645,0.057936919112029896,0.04516851811190304,0.05691515151515156,0.07462710548936441,0,0,0,0,0,0,0,0
16,41061.218,-0.11925103646769454,-0.007253965323630315,0.694,0.47401397154914005,-0.23662472534179688,-0.03469624710083008,-0.13595611215060396,0.0010303319401971647,0.735,0.6133086991508077,-0.016705075682909423,0.00828429726382748,0.041000000000000036,0.1392947276016676,0.06249416815726246,0.05262979377264534,0.048953846153846195,0.04963850648768202,0,0,0,0,0,0,0,0
17,41126.617,-0.13106336118572703,-0.0160414418620735,0.692,0.4938932717293554,-0.21781619262695312,-0.03640092086791992,-0.13595611215060396,0.0010303319401971647,0.735,0.6133086991508077,-0.00489275096487693,0.017071773802270665,0.04300000000000004,0.11941542742145228,0.06215227531930173,0.0565923992207465,0.045337500000000044,0.026231207826692915,0,0,0,0,0,0,0,0
18,41191.589,-0.14221043021903648,-0.024294460638472414,0.694,0.5110149516914197,-0.20590997314453124,-0.029735719680786133,-0.13595611215060396,0.0010303319401971647,0.735,0.6133086991508077,0.006254318068432518,0.02532479257866958,0.041000000000000036,0.10229374745938791,0.061358116670907396,0.05577518094216494,0.022352238805970173,0.025629508823278774,0,0,0,0,0,0,0,0
19,41256.866,-0.1529558989269097,-0.031366467258226435,0.698,0.5261469563062107,-0.19247062683105468,-0.013700082778930664,-0.13595611215060396,0.0010303319401971647,0.735,0.6133086991508077,0.01699978677630573,0.0323967991984236,0.03700000000000003,0.08716174284459699,0.06636010950747015,0.05427843524404114,0.008061538461538474,0.017321721545561997,1428398318634,0,0,0,0,0,0,0
20,41321.96,-0.16176543959466055,-0.0368815134110804,0.704,0.5402492166623247,-0.15581582641601563,-0.0051739664077758785,-0.13595611215060396,0.0010303319401971647,0.735,0.6133086991508077,0.02580932744405659,0.03791184535127756,0.031000000000000028,0.07305948248848293,0.06034065193299446,0.048652325037160105,-0.0075076923076923055,0.007972126998725737,1428398318634,0,0,0,0,0,0,0
21,41387.237,-0.16925460661000766,-0.04096676405742108,0.717,0.554944888964117,-0.12785717010498046,0.005229294776916504,-0.13595611215060396,0.0010303319401971647,0.735,0.6133086991508077,0.033298494459403694,0.04199709599761824,0.018000000000000016,0.05836381018669068,0.058255730648296866,0.04369438492292402,-0.057822222222222275,-0.011615581726605748,1428398318634,0,0,0,0,0,0,0
22,41452.484,-0.17562145530685036,-0.04502732524674074,0.725,0.5683490176194333,-0.11326301574707032,-0.0014478092193603515,-0.13595611215060396,0.0010303319401971647,0.735,0.6133086991508077,0.039665343156246397,0.046057657186937905,0.010000000000000009,0.04495968153137431,0.05309232894968955,0.04424071540334778,-0.033791044776119425,-0.015058804984967651,1428398318634,0,0,0,0,0,0,0
23,41517.547,-0.1795711234104178,-0.046666874577319856,0.732,0.5820673055401088,-0.06316825485229492,0.011161165237426758,-0.13595611215060396,0.0010303319401971647,0.735,0.6133086991508077,0.043615011259813846,0.04769720651751702,0.0030000000000000027,0.031241393610698887,0.042752715270037336,0.03254318304213261,-0.03472121212121215,-0.031114460574189387,1428398318634,0,0,0,0,0,0,0
24,41582.672,-0.18388896130488855,-0.04879642745207997,0.737,0.5938657312835903,-0.07166304779052735,0.008922974586486816,-0.13595611215060396,0.0010303319401971647,0.735,0.6133086991508077,0.047932849154284585,0.04982675939227713,-0.0020000000000000018,0.01944296786721733,0.04721632093198473,0.03638020286792378,-0.028523076923076943,-0.03501130479500523,1428398318960,0,0,0,0,0,0,0
25,41648.132,-0.18877543766656274,-0.05036898777034468,0.742,0.6067637144558286,-0.07394682312011719,0.02146512794494629,-0.13595611215060396,0.0010303319401971647,0.735,0.6133086991508077,0.052819325515958776,0.051399319710541846,-0.007000000000000006,0.006544984694979106,0.05084204456635034,0.03356246144659449,-0.03060000000000002,-0.048732086043184714,1428398319030,0,0,0,0,0,0,0
26,41713.043,-0.1921641500752666,-0.050985506264425606,0.745,0.6189286593422291,-0.04703048324584961,0.021387231826782226,-0.13595611215060396,0.0010303319401971647,0.735,0.6133086991508077,0.05620803792466264,0.05201583820462277,-0.010000000000000009,-0.005619960191421414,0.04787150801310386,0.029604276984450117,-0.025500000000000023,-0.06644468462342401,1428398319090,0,0,0,0,0,0,0
27,41778.289,-0.19617599937554128,-0.051426933034623264,0.738,0.6291911953439558,-0.05285628890991211,0.02951975631713867,-0.13595611215060396,0.0010303319401971647,0.735,0.6133086991508077,0.06021988722493732,0.05245726497482043,-0.0030000000000000027,-0.015882496193148188,0.051712209075486154,0.0286055458653976,0.03529230769230772,-0.06324804697034868,1428398319155,0,0,0,0,0,0,0
28,41843.444,-0.1994530046700501,-0.0514253625691068,0.734,0.6379527481889671,-0.03972820281982422,0.02894636917114258,-0.13595611215060396,0.0010303319401971647,0.735,0.6133086991508077,0.06349689251944612,0.052455694509303964,0.0010000000000000009,-0.02464404903815942,0.049393859384001246,0.026219390901871018,0.022338461538461557,-0.06508198524590357,1428398319220,0,0,0,0,0,0,0
29,41908.691,-0.20110146993597453,-0.05113210443616112,0.731,0.6461383423808205,-0.01724383735656738,0.018259891510009764,-0.13595611215060396,0.0010303319401971647,0.735,0.6133086991508077,0.06514535778537056,0.052162436376358284,0.0040000000000000036,-0.032829643230012806,0.04131454015137548,0.024526061422558112,0.019109090909090923,-0.0700368895566191,1428398319286,0,0,0,0,0,0,0
30,41974.06,-0.20176930115019118,-0.0511623184485928,0.724,0.6529625797561182,-0.008270977020263671,0.005669744968414306,-0.20110146993597453,-0.05113210443616112,2,0.6461383423808205,0.000667831214216652,0.000030214012431681314,1.276,-0.006824237375297693,0.000333915607108326,0.000015107006215840657,1.0208000000000002,-0.006824237375297693,0,0,0,0,0,0,0,0
31,42039.093,-0.2013452439523553,-0.05121787151772168,0.723,0.6634869151456441,0.00454608678817749,-0.004526366233825683,-0.20110146993597453,-0.05113210443616112,2,0.6461383423808205,0.00024377401638078777,0.00008576708156056434,1.2770000000000001,-0.0173485727648236,-0.0021614979032334907,0.0003420154514742677,1.026984615384616,-0.06592242840878931,0,0,0,0,0,0,0,0
32,42104.217,-0.19771305509141368,-0.05232939140279607,0.725,0.6730513194465731,0.03265603637695313,-0.04668987655639648,-0.20110146993597453,-0.05113210443616112,2,0.6461383423808205,-0.003388414844560844,0.0011972869666349514,1.275,-0.026912977065752686,-0.020955815018183013,0.00649306711628771,1.0093939393939382,-0.0703875420699758,0,0,0,0,0,0,0,0
33,42169.433,-0.19239532034299756,-0.05302990713710517,0.737,0.6795439442639921,0.05582064437866211,-0.05794036865234375,-0.20110146993597453,-0.05113210443616112,2,0.6461383423808205,-0.00870614959297697,0.0018978027009440498,1.263,-0.033405601883171654,-0.03343443670188917,0.004779846772474906,0.9447749999999999,-0.06383978071482307,0,0,0,0,0,0,0,0
34,42234.588,-0.1863234113175167,-0.05124730563532088,0.764,0.685687503231012,0.08765019989013671,-0.03643810653686524,-0.20110146993597453,-0.05113210443616112,2,0.6461383423808205,-0.014778058618457823,0.0001152011991597604,1.236,-0.039549160850191556,-0.04008392406181813,-0.009541022871566293,0.8434153846153851,-0.06790404839028341,0,0,0,0,0,0,0,0
35,42299.804,-0.1798849918532387,-0.047482159117962296,0.799,0.6891781617350009,0.1105101547241211,-0.017440176010131835,-0.20110146993597453,-0.05113210443616112,2,0.6461383423808205,-0.02121647808273583,-0.003649945318198823,1.201,-0.04303981935418044,-0.04374716275456353,-0.021204403263150942,0.7806529411764711,-0.0584397833423667,0,0,0,0,0,0,0,0
36,42364.929,-0.17322622396163104,-0.042488337915969863,0.847,0.6924942873137899,0.12471924591064452,-0.0057038326263427735,-0.20110146993597453,-0.05113210443616112,2,0.6461383423808205,-0.027875245974343488,-0.008643766520191255,1.153,-0.04635594493296946,-0.050352759894401126,-0.03163184295849174,0.6598999999999999,-0.06190028358354299,0,0,0,0,0,0,0,0
37,42430.114,-0.16661933787499916,-0.03769128700737156,0.898,0.697730275069773,0.12221623229980469,-0.007892200469970703,-0.20110146993597453,-0.05113210443616112,2,0.6461383423808205,-0.03448213206097536,-0.01344081742878956,1.1019999999999999,-0.05159193268895257,-0.052816606496967,-0.03255068283761642,0.6069846153846146,-0.07575803002425921,0,0,0,0,0,0,0,0
38,42495.422,-0.15672753893467692,-0.028950044550971287,0.954,0.7024252107576379,0.1979427490234375,0.005147275924682618,-0.20110146993597453,-0.05113210443616112,2,0.6461383423808205,-0.044373931001297606,-0.02218205988518983,1.046,-0.0562868683768174,-0.07545049825623013,-0.05815925855398099,0.5352615384615396,-0.07795580232080893,0,0,0,0,0,0,0,0
39,42560.913,-0.14825211140614508,-0.020246962890887208,1.013,0.7063522015746253,0.18137864685058594,0.017507125854492187,-0.20110146993597453,-0.05113210443616112,2,0.6461383423808205,-0.05284935852982944,-0.03088514154527391,0.9870000000000001,-0.06021385919380484,-0.07069930068261834,-0.06090643019098661,0.4813910447761198,-0.0777974001653904,0,0,0,0,0,0,0,0
40,42625.823,-0.14161567755015092,-0.012623340988912001,1.07,0.7098777666636538,0.14995164489746093,0.022381328582763673,-0.20110146993597453,-0.05113210443616112,2,0.6461383423808205,-0.059485792385823605,-0.038508763447249114,0.9299999999999999,-0.0637394242828333,-0.06390101162817587,-0.058493612101438094,0.45061764705882273,-0.07929338791090003,0,0,0,0,0,0,0,0
41,42691.04,-0.1335991952987998,-0.005647672059860856,1.128,0.7112914833577694,0.15939544677734374,0.0009894962310791015,-0.20110146993597453,-0.05113210443616112,2,0.6461383423808205,-0.06750227463717473,-0.04548443237630026,0.8720000000000001,-0.06515314097694891,-0.08051395045146893,-0.06343361827428182,0.3592666666666678,-0.07222172444752695,0,0,0,0,0,0,0,0
42,42756.072,-0.12533172975488796,-0.0009297715786527566,1.181,0.7116580025006881,0.14014006042480467,-0.027348072052001952,-0.20110146993597453,-0.05113210443616112,2,0.6461383423808205,-0.07576974018108656,-0.050202332857508365,0.819,-0.06551966011986765,-0.08240199225006853,-0.050505245942951665,0.36981538461538377,-0.06721128693333876,0,0,0,0,0,0,0,0
43,42821.197,-0.11862458616834969,0.002548942715042406,1.227,0.7118325354258875,0.11026651000976563,-0.026190134048461915,-0.20110146993597453,-0.05113210443616112,2,0.6461383423808205,-0.08247688376762484,-0.053681047151203524,0.7729999999999999,-0.06569419304506707,-0.07735383042671082,-0.04557206208011416,0.37070769230769207,-0.06649972962291056,0,0,0,0,0,0,0,0
44,42886.383,-0.12425236246667917,0.022264420141607656,1.269,0.7130891724873233,0.07744552612304688,-0.03449361038208008,-0.20110146993597453,-0.05113210443616112,2,0.6461383423808205,-0.07684910746929535,-0.07339652457776877,0.7310000000000001,-0.06695083010650282,-0.008580285485930705,-0.14125003652066975,0.3620727272727283,-0.0726628167493926,0,1,-0.1132131777976418,0.004180393397224945,40.857,0.14199035395568194,-0.066111611103599,129.436279296875,0.08289347746721909,-0.07722286390304141,-40.857,0.059096876488462846,0.011111252799442403,170.293279296875
45,42951.599,-0.12913140148237975,0.037768936865076486,1.303,0.7160562322157139,0.0331402473449707,-0.03912313842773438,-0.20110146993597453,-0.05113210443616112,2,0.6461383423808205,-0.07197006845359477,-0.0889010413012376,0.6970000000000001,-0.06991788983489344,-0.010497516980600318,-0.12544426472844106,0.3799880597014925,-0.08320323190231413,0,1,-0.1208751115692949,0.02173701290216872,41.02700000000002,0.13294265886580656,-0.07157955541105249,130.43402099609375,0.07691973203982577,-0.09574259840697838,-41.02700000000002,0.056022926825980784,0.024163042995925893,171.46102099609377
46,43017.089,-0.13306159665862896,0.0513670601748227,1.336,0.7161085920932736,0.009702457427978515,-0.03146878433227539,-0.20110146993597453,-0.05113210443616112,2,0.6461383423808205,-0.06803987327734556,-0.10249916461098382,0.6639999999999999,-0.06997024971245314,-0.012526681768559932,-0.12561431915566654,0.3507312499999993,-0.0702156866385142,0,1,-0.12726632769778995,0.03661085508413954,41.03000000000001,0.12183291726791029,-0.076863952119251,129.51319885253906,0.07197204004306884,-0.11116248615298245,-41.03000000000001,0.04986087722484145,0.034298534033731454,170.54319885253906
47,43082.153,-0.1381254564205018,0.06279862893950672,1.37,0.717504855494869,-0.041276165008544925,-0.0356475830078125,-0.20110146993597453,-0.05113210443616112,2,0.6461383423808205,-0.06297601351547272,-0.11393073337566784,0.6299999999999999,-0.07136651311404851,-0.005035008001684181,-0.11668251695110861,0.3263880597014923,-0.07761843879283378,0,1,-0.13357735211772342,0.04776791142296192,41.11000000000001,0.11095228110873304,-0.09027890148438189,130.12705993652347,0.06923595070199903,-0.12381867989477424,-41.11000000000001,0.041716330406734003,0.03353977841039235,171.23705993652345
48,43147.186,-0.14540964540135376,0.0734197665645251,1.401,0.7193025446244231,-0.06905504608154298,-0.034487693786621094,-0.20110146993597453,-0.05113210443616112,2,0.6461383423808205,-0.055691824534620765,-0.12455187100068622,0.599,-0.07316420224360265,0.01262180429297824,-0.12128225563933415,0.30697777777777824,-0.08172462667005091,0,1,-0.14008235904320146,0.05803937122883619,41.21300000000001,0.1184850292189327,-0.11859935014410282,129.40745544433594,0.0671392876759769,-0.13595569858637585,-41.21300000000001,0.05134574154295579,0.01735634844227303,170.62045544433596
49,43212.432,-0.15253843911137616,0.08010004044180397,1.43,0.7205591816858591,-0.09168528747558594,-0.09105462646484375,-0.20110146993597453,-0.05113210443616112,2,0.6461383423808205,-0.04856303082459837,-0.13123214487796508,0.5700000000000001,-0.07442083930503862,0.014104296872436792,-0.10158677793202256,0.2998461538461544,-0.08022070266551234,0,1,-0.1460082725402233,0.06482609778685446,41.28500000000001,0.1285286933658656,-0.1409575990859878,128.81051635742185,0.06694342190515579,-0.14504970481900076,-41.28500000000001,0.0615852714607098,0.004092105733012968,170.09551635742187
50,43277.679,-0.16320617783911,0.08531457328013481,1.466,0.7215365660669758,-0.12550637817382812,-0.10270658874511719,-0.20110146993597453,-0.05113210443616112,2,0.6461383423808205,-0.037895292096864513,-0.13644667771629593,0.534,-0.07539822368615534,0.04031756910564472,-0.09719296573776376,0.22719999999999985,-0.08005243502480638,0,1,-0.1543080261806611,0.06943422366422065,41.341,0.14896528432625833,-0.1771668778041316,129.29721069335938,0.06998915911550158,-0.1540571191666572,-41.341,0.07897612521075675,-0.023109758637474387,170.63821069335938
51,43342.742,-0.17482126653680563,0.08610685819191918,1.5,0.7221997911827337,-0.1707681121826172,-0.14163243103027343,-0.20110146993597453,-0.05113210443616112,2,0.6461383423808205,-0.026280203399168894,-0.1372389626280803,0.5,-0.07606144880191323,0.04664344306796652,-0.07269741835998914,0.22499999999999987,-0.07898744195966864,0,1,-0.16551667890250868,0.07070554255008937,41.379000000000005,0.15706298854472295,-0.1771668778041316,128.40917968750003,0.0774570312052494,-0.16246677524677985,-41.379000000000005,0.07960595733947355,-0.01470010255735174,169.78817968750002
52,43407.806,-0.18823584033946264,0.08323041005400689,1.54,0.7235262414142495,-0.21305204772949218,-0.1738946838378906,-0.20110146993597453,-0.05113210443616112,2,0.6461383423808205,-0.012865629596511885,-0.134362514490168,0.45999999999999996,-0.07738789903342902,0.06692813568502456,-0.05145068149087613,0.14924999999999983,-0.08360563449365926,0,1,-0.17781550172529662,0.06801900946203544,41.45500000000001,0.17145890715532672,-0.1771668778041316,128.82437133789062,0.08823770030623777,-0.168698092895806,-41.45500000000001,0.08322120684908894,-0.008468784908325588,170.27937133789064
53,43472.991,-0.20342397946843715,0.07646624769576987,1.573,0.7241720132374875,-0.2504096374511719,-0.20555184936523438,-0.20110146993597453,-0.05113210443616112,2,0.6461383423808205,0.00232250953246263,-0.127598352131931,0.42700000000000005,-0.07803367085666701,0.08170441681382344,-0.027928618105617697,0.16660000000000053,-0.08096899732593063,0,1,-0.1916754515449608,0.061908059638875405,41.49200000000002,0.1939525299843952,-0.16755283075912114,128.6411895751953,0.1025591111388797,-0.1733600741105578,-41.49200000000002,0.0913934188455155,0.005807243351436647,170.1331895751953
54,43538.33,-0.222034278567972,0.06689719578068327,1.592,0.7255682766390829,-0.2835824890136719,-0.2153108367919922,-0.20110146993597453,-0.05113210443616112,2,0.6461383423808205,0.02093280863199748,-0.1180293002168444,0.4079999999999999,-0.07942993425826239,0.10915738438928961,-0.00826967783144781,0.22564242424242353,-0.08577658608369593,0,1,-0.20807532629900172,0.05318918188562948,41.57200000000001,0.23555499469550822,-0.1601976430778222,128.52761840820312,0.1203715740505466,-0.17786262857804724,-41.57200000000001,0.11518342064496162,0.01766498550022505,170.09961840820313
55,43603.363,-0.22737013401427586,0.041672572362677844,1.615,0.7266678340678393,-0.31094912719726564,-0.22995664978027344,-0.20110146993597453,-0.05113210443616112,2,0.6461383423808205,0.026268664078301335,-0.09280467679883897,0.385,-0.08052949168701884,0.042777973407505415,0.09373445836727728,0.18022222222222278,-0.08576547944300192,0,0,0,0,0,0,0,0
56,43668.518,-0.23406207555672126,0.014149516618140874,1.626,0.7264583945576001,-0.349310302734375,-0.24186766052246095,-0.20110146993597453,-0.05113210443616112,2,0.6461383423808205,0.032960605620746736,-0.06528162105430199,0.3740000000000001,-0.08032005217677962,0.05196787159606867,0.11331478811812083,0.24086666666666728,-0.079368054402965,0,0,0,0,0,0,0,0
57,43733.947,-0.23992875306518474,-0.013832948447044061,1.642,0.7272961525985572,-0.344583251953125,-0.25531459045410154,-0.20110146993597453,-0.05113210443616112,2,0.6461383423808205,0.038827283129210216,-0.03729915598911706,0.3580000000000001,-0.08115781021773671,0.05100344353325462,0.13202523389489879,0.20024615384615388,-0.08502438579138484,0,0,0,0,0,0,0,0
58,43798.858,-0.24377266381756682,-0.043801531955357145,1.662,0.7283608034422738,-0.3419398193359375,-0.2974521484375,-0.20110146993597453,-0.05113210443616112,2,0.6461383423808205,0.042671193881592295,-0.0073305724808039735,0.3380000000000001,-0.08222246106145337,0.041415727736821936,0.1528870156686962,0.1659223880597015,-0.08698955439152793,0,0,0,0,0,0,0,0
59,43864.44,-0.24771351764485425,-0.07822760012944921,1.682,0.7278721112517152,-0.3878481750488281,-0.3460170593261719,-0.20110146993597453,-0.05113210443616112,2,0.6461383423808205,0.04661204770887972,0.02709549569328809,0.31800000000000006,-0.08173376887089479,0.04273276807346239,0.1832537177189289,0.15580845070422533,-0.0796688722910698,0,0,0,0,0,0,0,0
60,43929.321,-0.2514096710791097,-0.11007899232823673,1.692,0.7270343532107582,-0.359245361328125,-0.31981500244140626,-0.20110146993597453,-0.05113210443616112,2,0.6461383423808205,0.050308201143135195,0.05894688789207561,0.30800000000000005,-0.08089601082993769,0.0474584747437989,0.21842238071850617,0.18707796610169491,-0.07663622418100333,0,0,0,0,0,0,0,0
61,43994.445,-0.2540174585028883,-0.13691721642712276,1.705,0.7264060346800401,-0.2967991943359375,-0.274782958984375,-0.20110146993597453,-0.05113210443616112,2,0.6461383423808205,0.05291598856691379,0.08578511199096164,0.29499999999999993,-0.0802676922992196,0.04071933175724609,0.19199380098929208,0.16377777777777708,-0.07727569929580008,0,0,0,0,0,0,0,0
62,44059.722,-0.25544852871261275,-0.15877798914028637,1.705,0.725166850911124,-0.23384197998046874,-0.230878173828125,-0.20110146993597453,-0.05113210443616112,2,0.6461383423808205,0.05434705877663823,0.10764588470412526,0.29499999999999993,-0.07902850853030352,0.034762538076251744,0.16975128249762722,0.23599999999999996,-0.07339585503523045,0,0,0,0,0,0,0,0
63,44124.816,-0.255705207589018,-0.17473165488216774,1.714,0.7244512659178064,-0.16160293579101562,-0.17653948974609374,-0.20110146993597453,-0.05113210443616112,2,0.6461383423808205,0.054603737653043466,0.12359955044600662,0.28600000000000003,-0.07831292353698593,0.02868398585331916,0.1477041292177491,0.18033846153846214,-0.07501022356782784,0,0,0,0,0,0,0,0
64,44189.971,-0.2548148039692848,-0.1848912973923419,1.723,0.7231597222713304,-0.09099382019042969,-0.12297412109375,-0.20110146993597453,-0.05113210443616112,2,0.6461383423808205,0.05371333403331027,0.13375919295618077,0.2769999999999999,-0.07702137989050994,0.02206218598732256,0.12158536384056656,0.17313846153846082,-0.07106040921446691,0,0,0,0,0,0,0,0
65,44255.34,-0.2531105630074067,-0.18961588042925584,1.733,0.7266852873603591,-0.027732364654541014,-0.07004850769042968,-0.20110146993597453,-0.05113210443616112,2,0.6461383423808205,0.05200909307143217,0.13848377599309472,0.2669999999999999,-0.08054694497953863,0.016966905071211007,0.09429649501048497,0.16056969696969686,-0.0965722408387599,0,0,0,0,0,0,0,0
66,44320.312,-0.2507040465771465,-0.18920705388901493,1.744,0.7268074604079986,0.031053102493286133,-0.019399959564208983,-0.20110146993597453,-0.05113210443616112,2,0.6461383423808205,0.049602576641171986,0.1380749494528538,0.256,-0.08066911802717813,0.011431752596918294,0.06676621616953297,0.14368888888888948,-0.08125089444450911,0,0,0,0,0,0,0,0
67,44385.62,-0.24754934311522106,-0.18460294192352392,1.758,0.7259347957820015,0.08125323486328125,0.020165863037109374,-0.20110146993597453,-0.05113210443616112,2,0.6461383423808205,0.046447873179246535,0.1334708374873628,0.242,-0.07979645340118102,0.0067441423855350915,0.04268408758066864,0.12046567164179098,-0.07588899985194023,0,0,0,0,0,0,0,0
68,44450.683,-0.24365611352936078,-0.17680454939808157,1.766,0.7276975783265158,0.12132765197753906,0.04871691131591797,-0.20110146993597453,-0.05113210443616112,2,0.6461383423808205,0.04255464359338626,0.12567244496192045,0.23399999999999999,-0.08155923594569536,0.00031377787283011493,0.020844878113193764,0.1441230769230769,-0.0896951553819154,0,0,0,0,0,0,0,0
69,44515.899,-0.23951918536244385,-0.16646294049774987,1.792,0.728884402217872,0.14951730346679687,0.07455710601806641,-0.20110146993597453,-0.05113210443616112,2,0.6461383423808205,0.03841771542646932,0.11533083606158875,0.20799999999999996,-0.08274605983705152,-0.0027293977173854546,0.0028235526502474947,0.028521212121212003,-0.08814071388867042,0,0,0,0,0,0,0,0
70,44581.329,-0.2354052731919201,-0.15483858377837076,1.799,0.7284131633198334,0.16216354370117186,0.0889619140625,-0.20110146993597453,-0.05113210443616112,2,0.6461383423808205,0.034303803255945564,0.10370647934220964,0.20100000000000007,-0.08227482093901295,-0.0053460555545790205,-0.011717461137999707,0.12251875000000062,-0.08006588860445714,0,0,0,0,0,0,0,0
71,44646.24,-0.23151768097648973,-0.14241006235599557,1.806,0.7275928585713962,0.16761811828613282,0.10029959106445313,-0.20110146993597453,-0.05113210443616112,2,0.6461383423808205,0.0304162110405152,0.09127795791983445,0.19399999999999995,-0.08145451619057575,-0.005407913803994323,-0.020269846764799676,0.11807878787878724,-0.07772585824313397,0,0,0,0,0,0,0,0
72,44711.425,-0.22789806541612453,-0.12960259810152516,1.812,0.7274008723536767,0.16831437683105469,0.10735520935058594,-0.20110146993597453,-0.05113210443616112,2,0.6461383423808205,0.02679659548015001,0.07847049366536404,0.18799999999999994,-0.08126252997285621,-0.0060919398926606375,-0.029728022229850937,0.11809230769230765,-0.08037643973722755,0,0,0,0,0,0,0,0
73,44776.763,-0.22457274954769632,-0.11709522889805801,1.817,0.7273659657686369,0.16200341796875,0.1069607162475586,-0.20110146993597453,-0.05113210443616112,2,0.6461383423808205,0.023471279611721796,0.0659631244618969,0.18300000000000005,-0.08122762338781642,-0.005898611011561444,-0.033345395666225824,0.11988484848484911,-0.08106895709218098,0,0,0,0,0,0,0,0
74,44841.766,-0.22176478924250026,-0.10490420730256138,1.821,0.7269994466257181,0.15304815673828126,0.10858191680908204,-0.20110146993597453,-0.05113210443616112,2,0.6461383423808205,0.020663319306525735,0.05377210286640026,0.17900000000000005,-0.08086110424489767,-0.005024373265778089,-0.039783597917172085,0.12132500000000003,-0.07914304576246607,0,0,0,0,0,0,0,0
75,44907.073,-0.21810577469451672,-0.09244088575745983,1.824,0.7267725538229588,0.16526129150390625,0.10320527648925781,-0.20110146993597453,-0.05113210443616112,2,0.6461383423808205,0.0170043047585422,0.04130878132129871,0.17599999999999993,-0.08063421144213834,-0.011200233648332551,-0.04645580227451281,0.12464615384615318,-0.07958701389094139,0,0,0,0,0,0,0,0
76,44972.167,-0.21204324946337313,-0.08183964015577246,1.83,0.7268772735780786,0.17362168884277343,0.05841360092163086,-0.20110146993597453,-0.05113210443616112,2,0.6461383423808205,0.01094177952739861,0.030707535719611337,0.16999999999999993,-0.08073893119725817,-0.02717347686553541,-0.04172986230312635,0.10369230769230763,-0.08122225314396508,0,0,0,0,0,0,0,0
77,45037.353,-0.2055723495114583,-0.0728490387631152,1.85,0.7257079029792421,0.162150146484375,0.036271316528320316,-0.20110146993597453,-0.05113210443616112,2,0.6461383423808205,0.004470879575483783,0.021716934326954082,0.1499999999999999,-0.07956956059842168,-0.033152294324292314,-0.03830888420261731,0.010624999999999857,-0.07408813591637567,0,0,0,0,0,0,0,0
78,45102.63,-0.2006322350458329,-0.064391252107197,1.868,0.7252366640812038,0.1396273651123047,0.045721420288085936,-0.20110146993597453,-0.05113210443616112,2,0.6461383423808205,-0.0004692348901416121,0.013259147671035879,0.1319999999999999,-0.07909832170038333,-0.02604118554908406,-0.03755289377002491,0.01157014925373119,-0.07698829678379371,0,0,0,0,0,0,0,0
79,45167.724,-0.1966894424279051,-0.05750441781689273,1.874,0.7258998891969615,0.11278024291992188,0.038076099395751954,-0.20110146993597453,-0.05113210443616112,2,0.6461383423808205,-0.004412027508069433,0.00637231338073161,0.1259999999999999,-0.079761546816141,-0.023436435542876825,-0.03389679718050333,0.06849230769230759,-0.08282258581194564,0,0,0,0,0,0,0,0
80,45232.879,-0.19365950438127877,-0.05361023108500071,1.868,0.7253762904213632,0.07276639556884766,0.013517581939697265,-0.20110146993597453,-0.05113210443616112,2,0.6461383423808205,-0.007441965554695756,0.0024781266488395903,0.1319999999999999,-0.07923794804054274,-0.020553971925271898,-0.020395307408313648,0.13893333333333327,-0.07674462053769385,0,0,0,0,0,0,0,0
81,45298.217,-0.1910907812398597,-0.050126064484009976,1.864,0.7239974803122879,0.06350253295898438,0.01354338550567627,-0.20110146993597453,-0.05113210443616112,2,0.6461383423808205,-0.010010688696114822,-0.0010060399521511429,0.1359999999999999,-0.07785913793146748,-0.017848960055152737,-0.017923852981029234,0.12879999999999994,-0.07194995174971638,0,0,0,0,0,0,0,0
82,45363.403,-0.19061587243869535,-0.0486304237598873,1.863,0.72333425519653,0.02019711112976074,0.012088614463806152,-0.20110146993597453,-0.05113210443616112,2,0.6461383423808205,-0.010485597497279175,-0.002501680676273821,0.137,-0.07719591281570959,-0.007881180977330439,-0.009559955472151788,0.11515555555555619,-0.07403769797876725,0,0,0,0,0,0,0,0
83,45428.558,-0.18995343951176472,-0.04819997494545424,1.855,0.7228630162984915,0.011722057342529298,-0.0017368574142456056,-0.20110146993597453,-0.05113210443616112,2,0.6461383423808205,-0.01114803042420981,-0.0029321294907068765,0.14500000000000002,-0.07672467391767102,-0.008983596453659638,-0.0036816101137588713,0.15717647058823536,-0.07464567877926555,0,0,0,0,0,0,0,0
84,45493.713,-0.18935004954732382,-0.04917173341584746,1.857,0.7223045109378534,-0.0028554086685180662,-0.016918489456176758,-0.20110146993597453,-0.05113210443616112,2,0.6461383423808205,-0.011751420388650707,-0.001960371020313656,0.14300000000000002,-0.07616616855703295,-0.00928194386455623,0.004505547790450062,0.10310967741935484,-0.07346372326362298,0,0,0,0,0,0,0,0
85,45558.776,-0.18932140755163093,-0.051609438048794413,1.859,0.7214667528968961,-0.02385171890258789,-0.027718603134155275,-0.20110146993597453,-0.05113210443616112,2,0.6461383423808205,-0.011780062384343593,0.0004773336126332947,0.14100000000000001,-0.07532841051607564,-0.0060419205632704295,0.013165888344671688,0.10219393939393939,-0.07152041942081512,0,0,0,0,0,0,0,0
86,45624.084,-0.18961908308795555,-0.05500210149108136,1.861,0.7202450224204999,-0.036964725494384766,-0.035260936737060544,-0.20110146993597453,-0.05113210443616112,2,0.6461383423808205,-0.011482386848018972,0.003869997054920242,0.139,-0.07410668003967946,-0.004113280334734216,0.020488626727466864,0.1002625,-0.06837981843157238,0,0,0,0,0,0,0,0
87,45689.178,-0.19088185959443132,-0.06077376596434141,1.863,0.7200355829102605,-0.07133953094482422,-0.052580245971679686,-0.20110146993597453,-0.05113210443616112,2,0.6461383423808205,-0.0102196103415432,0.009641661528180294,0.137,-0.07389724052944002,0.0016897606333287065,0.03589902408164427,0.09883076923076924,-0.07293059663602722,0,0,0,0,0,0,0,0
88,45754.302,-0.1903694169401182,-0.06787280044292468,1.865,0.7195119841346622,-0.0644390869140625,-0.08512258148193359,-0.20110146993597453,-0.05113210443616112,2,0.6461383423808205,-0.010732052995856334,0.01674069600676356,0.135,-0.07337364175384176,-0.008125333098075808,0.0465959182726763,0.09723076923076923,-0.0709570320203113,0,0,0,0,0,0,0,0
89,45819.732,-0.19015947627338142,-0.07477679041861289,1.869,0.718691679386225,-0.06587924194335938,-0.07996552276611328,-0.20110146993597453,-0.05113210443616112,2,0.6461383423808205,-0.010941993662593102,0.02364468598245177,0.131,-0.07255333700540456,-0.006584318548840022,0.0484344110441179,0.08358787878787878,-0.06882467905796277,0,0,0,0,0,0,0,0
90,45884.704,-0.18935319207604565,-0.08254838765055887,1.876,0.7169638034267505,-0.06764939117431641,-0.09570433044433593,-0.20110146993597453,-0.05113210443616112,2,0.6461383423808205,-0.01174827785992888,0.03141628321439775,0.12400000000000011,-0.07082546104593002,-0.01021566922331093,0.05755520362536954,0.06150769230769297,-0.06285064892527827,0,0,0,0,0,0,0,0
91,45949.89,-0.18822153788015705,-0.09177421955438395,1.881,0.7163703914810726,-0.07813858795166016,-0.11547120666503906,-0.20110146993597453,-0.05113210443616112,2,0.6461383423808205,-0.012879932055817472,0.04064211511822283,0.119,-0.07023204910025216,-0.012726933782845362,0.07157567924702848,0.06742222222222159,-0.0674062779303576,0,0,0,0,0,0,0,0
92,46015.075,-0.18562917034003001,-0.09790162637246012,1.898,0.7164925645287121,-0.03102634620666504,-0.09485304260253906,-0.20110146993597453,-0.05113210443616112,2,0.6461383423808205,-0.015472299595944511,0.046769521936299005,0.10200000000000009,-0.07035422214789167,-0.021278368291173202,0.05539360255511461,-0.007205970149253144,-0.07090126564478498,0,0,0,0,0,0,0,0
93,46080.23,-0.18210376314294338,-0.10438335269883268,1.901,0.715619899902715,-0.02397411918640137,-0.1080487289428711,-0.20110146993597453,-0.05113210443616112,2,0.6461383423808205,-0.018997706793031144,0.053251248262671566,0.09899999999999998,-0.06948155752189455,-0.027644331616814417,0.059987450811194554,0.06375882352941117,-0.06563156652484847,1428398323460,0,0,0,0,0,0,0
94,46145.507,-0.18021078032230606,-0.11082377695646366,1.902,0.7147123286916781,-0.04195288848876953,-0.09153691101074218,-0.20110146993597453,-0.05113210443616112,2,0.6461383423808205,-0.020890689613668467,0.05969167252030254,0.09800000000000009,-0.06857398631085765,-0.02096191603259714,0.06562597102476778,0.07284444444444514,-0.06425221863925333,1428398323460,0,0,0,0,0,0,0
95,46210.601,-0.17774338080328672,-0.11542948121914583,1.903,0.7141189167459997,-0.017324960708618165,-0.07643608093261718,-0.20110146993597453,-0.05113210443616112,2,0.6461383423808205,-0.023358089132687804,0.06429737678298471,0.09699999999999998,-0.06798057436517924,-0.02496504197644802,0.05694863442131942,0.072215384615384,-0.06524175000050964,1428398323460,0,0,0,0,0,0,0
96,46275.726,-0.17344107988870244,-0.12015531882428496,1.909,0.7136476778479613,0.002338892698287964,-0.09583464813232422,-0.20110146993597453,-0.05113210443616112,2,0.6461383423808205,-0.027660390047272082,0.06902321438812384,0.09099999999999997,-0.06750933546714089,-0.03735840315026881,0.060356031597166536,0.03998749999999995,-0.06530040313258612,1428398323460,0,0,0,0,0,0,0
97,46341.125,-0.16816327275562232,-0.12296696429379994,1.912,0.7138047574806409,0.03224131774902344,-0.08370562744140625,-0.20110146993597453,-0.05113210443616112,2,0.6461383423808205,-0.03293819718035221,0.07183485985763882,0.08800000000000008,-0.06766641509982041,-0.04403973286746034,0.05060513014270365,0.05472835820895585,-0.06836975673868395,1428398323460,0,0,0,0,0,0,0
98,46406.188,-0.16201680176304897,-0.12451625381859244,1.915,0.7141712766235596,0.054474445343017576,-0.07792881774902344,-0.16816327275562232,-0.12296696429379994,1.912,0.7138047574806409,-0.006146470992573344,0.0015492895247924965,-0.0030000000000001137,-0.000366519142918742,-0.003073235496286672,0.0007746447623962482,-0.0024000000000000913,-0.000366519142918742,1428398323460,0,0,0,0,0,0,0
99,46471.435,-0.15593328141115478,-0.12601711737726304,1.917,0.7157246196578345,0.0542081413269043,-0.07678141021728516,-0.16816327275562232,-0.12296696429379994,1.912,0.7138047574806409,-0.012229991344467533,0.0030501530834630974,-0.0050000000000001155,-0.001919862177193643,-0.03837608844743022,0.009732924128211397,-0.014937500000000103,-0.009201157650357242,1428398323849,0,0,0,0,0,0,0
100,46536.56,-0.14689582697286263,-0.12594263280279905,1.918,0.7197388769374216,0.10303049468994141,-0.08810772705078125,-0.16816327275562232,-0.12296696429379994,1.912,0.7138047574806409,-0.021267445782759686,0.0029756685089991075,-0.006000000000000005,-0.005934119456780684,-0.059296939097568356,0.0010867634689242234,-0.010184615384614796,-0.02446146074718241,1428398323914,0,0,0,0,0,0,0
101,46601.715,-0.1395845658035508,-0.12601169317169175,1.919,0.7220427115500543,0.0817857437133789,-0.07307144927978515,-0.16816327275562232,-0.12296696429379994,1.912,0.7138047574806409,-0.028578706952071514,0.0030447288778918113,-0.007000000000000117,-0.008237954069413411,-0.05365768284925329,0.0018942279637527725,-0.010984615384616082,-0.01887103689694907,1428398323979,0,0,0,0,0,0,0
102,46666.992,-0.1324350364704945,-0.12630579217878302,1.918,0.7271390729658775,0.07756560516357422,-0.07418952941894531,-0.16816327275562232,-0.12296696429379994,1.912,0.7138047574806409,-0.03572823628512781,0.0033388278849830755,-0.006000000000000005,-0.01333431548523667,-0.0582243643775591,0.003329650272845448,0.000845161290323207,-0.03799412878760727,1428398324041,0,0,0,0,0,0,0
103,46732.086,-0.12627178413923026,-0.12711640652487388,1.917,0.7312056901230244,0.060983909606933596,-0.070537841796875,-0.16816327275562232,-0.12296696429379994,1.912,0.7138047574806409,-0.04189148861639205,0.004149442231073941,-0.0050000000000001155,-0.017400932642383515,-0.05266836660146788,0.006247000838063483,0.0011470588235287515,-0.03534189068861959,1428398324109,0,0,0,0,0,0,0
104,46797.18,-0.12140131168415783,-0.13022193042308006,1.915,0.7343647360691341,0.023274967193603516,-0.08346002960205078,-0.16816327275562232,-0.12296696429379994,1.912,0.7138047574806409,-0.04676196107146449,0.007254966129280116,-0.0030000000000001137,-0.020559978588493233,-0.049606601447660756,0.020349534824211767,0.008369230769230686,-0.035140190647461156,1428398324174,0,0,0,0,0,0,0
105,46862.548,-0.11659873390440136,-0.13363029524873732,1.923,0.7375935951853234,0.019211191177368164,-0.08622246551513672,-0.16816327275562232,-0.12296696429379994,1.912,0.7138047574806409,-0.05156453885122096,0.010663330954937378,-0.01100000000000012,-0.02378883770468254,-0.05087036230493532,0.023136556357767818,-0.05059104477611953,-0.03824641583687348,1428398324241,0,0,0,0,0,0,0
106,46927.551,-0.1122468589582925,-0.136601697922684,1.933,0.7407700944239533,0.018337202072143555,-0.07688665771484375,-0.16816327275562232,-0.12296696429379994,1.912,0.7138047574806409,-0.05591641379732981,0.013634733628884066,-0.02100000000000013,-0.02696533694331238,-0.051757523010197676,0.023067225187587984,-0.07148750000000015,-0.04185517712438974,1428398324305,0,0,0,0,0,0,0
107,46992.797,-0.138526244102409,-0.17127309550454792,1.93,0.743039022451546,-0.012969749450683594,-0.07864881896972656,-0.16816327275562232,-0.12296696429379994,1.912,0.7138047574806409,-0.029637028653213326,0.04830613121074798,-0.018000000000000016,-0.02923426497090509,0.1245418614376474,0.2080165376304099,0.0015090909090914977,-0.03954757418723558,1428398324371,1,-0.10934648266494053,-0.1410544673637611,42.57300000000001,0.34102221921661435,0.3044552554276664,121.36383056640628,0.17595193686038857,0.02989869477997853,-42.57300000000001,0.16507028235622578,0.27455656064768785,163.93683056640626
108,47057.891,-0.1366442352986484,-0.17535030782272132,1.938,0.7446621786559007,-0.020586166381835937,-0.06413636779785156,-0.16816327275562232,-0.12296696429379994,1.912,0.7138047574806409,-0.03151903745697393,0.05238334352892138,-0.026000000000000023,-0.030857421175259803,-0.026215123193823655,0.04884285130986847,-0.0652444444444445,-0.03858673643409177,1428398324434,0,0,0,0,0,0,0
109,47123.107,-0.13412098288133548,-0.17990291763512692,1.929,0.7467391204657738,-0.01845030403137207,-0.07586517333984374,-0.16816327275562232,-0.12296696429379994,1.912,0.7138047574806409,-0.03404228987428684,0.05693595334132698,-0.017000000000000126,-0.03293436298513297,-0.030202314281315337,0.05225026673546886,0.033414925373133675,-0.042234102432326254,1428398324501,0,0,0,0,0,0,0
110,47188.385,-0.13202850266019878,-0.18273285615880888,1.927,0.7478910377720902,-0.005798191070556641,-0.05247343826293945,-0.16816327275562232,-0.12296696429379994,1.912,0.7138047574806409,-0.03613477009542354,0.05976589186500894,-0.015000000000000124,-0.03408628029144933,-0.029163871068891237,0.04489019567930276,-0.0013939393939394872,-0.0393222680474328,1428398324567,0,0,0,0,0,0,0
111,47253.479,-0.1299112214783436,-0.18600415558090913,1.928,0.7497236334866844,-0.010088403701782227,-0.05757331848144531,-0.16816327275562232,-0.12296696429379994,1.912,0.7138047574806409,-0.03825205127727871,0.06303719128710919,-0.016000000000000014,-0.03591887600604349,-0.030704907101909807,0.04940851435816533,-0.01826874999999941,-0.044509168418203585,1428398324631,0,0,0,0,0,0,0
112,47318.969,-0.12746558202662295,-0.1869417814655265,1.941,0.7501250592146429,0.017264629364013673,-0.0352916259765625,-0.16816327275562232,-0.12296696429379994,1.912,0.7138047574806409,-0.04069769072899937,0.06397481717172657,-0.029000000000000137,-0.036320301734002025,-0.03331814548726076,0.03695966706489483,-0.09213939393939469,-0.03814496413381356,1428398324697,0,0,0,0,0,0,0
113,47383.972,-0.12504758269709096,-0.1863653406985101,1.935,0.7513816962760789,0.032429912567138675,-0.018400457382202147,-0.16816327275562232,-0.12296696429379994,1.912,0.7138047574806409,-0.04311569005853136,0.06339837640471016,-0.02300000000000013,-0.037576938795438,-0.03457784141905331,0.028595276379959046,0.013907692307692222,-0.04337680215591171,1428398324762,0,0,0,0,0,0,0
114,47448.974,-0.12169894525836357,-0.18461986855487506,1.931,0.7533713716233522,0.054578243255615236,-0.015156702995300293,-0.16816327275562232,-0.12296696429379994,1.912,0.7138047574806409,-0.04646432749725875,0.061652904261075114,-0.019000000000000128,-0.03956661414271134,-0.04154502474166978,0.0212809013450334,0.006674999999999917,-0.04889321733305515,1428398324826,0,0,0,0,0,0,0
115,47514.251,-0.11896494605194952,-0.183507525982326,1.918,0.7545756488072283,0.04132646942138672,-0.01588508415222168,-0.16816327275562232,-0.12296696429379994,1.912,0.7138047574806409,-0.0491983267036728,0.06054056168852606,-0.006000000000000005,-0.0407708913265874,-0.03955072151191325,0.0241871574006354,0.06629375000000066,-0.046415940626006416,1428398324890,0,0,0,0,0,0,0
116,47579.315,-0.11747226316652674,-0.18099370246266724,1.919,0.7560940852564634,0.042141452789306644,0.012135295867919922,-0.16816327275562232,-0.12296696429379994,1.912,0.7138047574806409,-0.05069100958909557,0.0580267381688673,-0.007000000000000117,-0.042289327775822505,-0.03314310195720406,0.015881455175768493,-0.010823880597015605,-0.04908829695150208,1428398324957,0,0,0,0,0,0,0
117,47644.561,-0.11520658113489506,-0.17804849157537017,1.92,0.7569842031749806,0.05503495788574219,0.008823798179626465,-0.16816327275562232,-0.12296696429379994,1.912,0.7138047574806409,-0.05295669162072726,0.05508152728157023,-0.008000000000000007,-0.043179445694339735,-0.03867817213453426,0.011681935786108572,-0.011784615384614797,-0.04728768224134233,1428398325022,0,0,0,0,0,0,0
118,47710.052,-0.11315406375082264,-0.17427073776009072,1.915,0.7579266809710575,0.06129452896118164,0.02004837417602539,-0.16816327275562232,-0.12296696429379994,1.912,0.7138047574806409,-0.05500920900479968,0.05130377346629078,-0.0030000000000001137,-0.04412192349041666,-0.03806903221453728,0.006207565625089402,0.02333529411764642,-0.048279913767226616,1428398325090,0,0,0,0,0,0,0
119,47775.054,-0.11172019081449636,-0.17023516172208294,1.906,0.7592531312025731,0.05723239135742188,0.029178298950195313,-0.16816327275562232,-0.12296696429379994,1.912,0.7138047574806409,-0.05644308194112596,0.047268197428283004,0.006000000000000005,-0.04544837372193222,-0.03618750172793122,0.001214231836320523,0.05480000000000066,-0.05176480339581586,1428398325153,0,0,0,0,0,0,0
120,47840.179,-0.11150875304768033,-0.16571900547625099,1.897,0.7606668478966886,0.04893296432495117,0.046953689575195315,-0.16816327275562232,-0.12296696429379994,1.912,0.7138047574806409,-0.05665451970794198,0.042752041182451045,0.014999999999999902,-0.04686209041604772,-0.029483560141246114,-0.0033217088781679997,0.06121874999999936,-0.05348888741971411,1428398325217,0,0,0,0,0,0,0
121,47905.456,-0.1120335985395685,-0.1607045169707191,1.891,0.7613475263049664,0.04615238952636719,0.059913124084472656,-0.16816327275562232,-0.12296696429379994,1.912,0.7138047574806409,-0.05612967421605382,0.03773755267691917,0.020999999999999908,-0.04754276882432551,-0.025281565560135125,-0.007723208160573102,0.04861818181818177,-0.05063676158922456,1428398325283,0,0,0,0,0,0,0
122,47970.397,-0.11343101647313586,-0.1563826580778095,1.891,0.7638957070128781,0.029550588607788086,0.061390487670898435,-0.16816327275562232,-0.12296696429379994,1.912,0.7138047574806409,-0.05473225628248646,0.03341569378400955,0.020999999999999908,-0.05009094953223725,-0.01984157003741898,-0.006563700992893173,0.016799999999999926,-0.061851783568752976,1428398325348,0,0,0,0,0,0,0
123,48035.644,-0.1144510358020793,-0.15188780977451377,1.897,0.7640004267679977,0.03558993911743164,0.05927291870117188,-0.16816327275562232,-0.12296696429379994,1.912,0.7138047574806409,-0.05371223695354302,0.02892084548071383,0.014999999999999902,-0.05019566928735686,-0.021363706705537607,-0.009742606585081564,-0.02030769230769241,-0.05067899123406275,1428398325413,0,0,0,0,0,0,0
124,48100.86,-0.1159909477308869,-0.14732679617270802,1.904,0.764890544686515,0.030651742935180665,0.06538088226318359,-0.16816327275562232,-0.12296696429379994,1.912,0.7138047574806409,-0.052172325024735414,0.024359831878908084,0.008000000000000007,-0.05108578720587409,-0.017919962889903135,-0.012007277403455217,-0.030721212121211556,-0.05513177774458877,1428398325479,0,0,0,0,0,0,0
125,48165.985,-0.11834121366045171,-0.14213373880012659,1.904,0.7658679290676317,0.028505336761474608,0.08061051177978516,-0.16816327275562232,-0.12296696429379994,1.912,0.7138047574806409,-0.04982205909517061,0.019166774506326645,0.008000000000000007,-0.05206317158699081,-0.012058012745277784,-0.01881614525314142,0.006400000000000006,-0.05664466087347543,1428398325543,0,0,0,0,0,0,0
126,48231.262,-0.1204326245872945,-0.137944073496844,1.889,0.7657981158975516,0.02095006561279297,0.06704279327392579,-0.16816327275562232,-0.12296696429379994,1.912,0.7138047574806409,-0.04773064816832781,0.01497710920304407,0.02299999999999991,-0.05199335841691077,-0.012774508563027852,-0.014729367461340102,0.09794545454545395,-0.051676025825637885,1428398325609,0,0,0,0,0,0,0
127,48296.417,-0.12272122363385234,-0.13545695176034048,1.882,0.7655014099247127,0.0011124861240386962,0.050685707092285155,-0.16816327275562232,-0.12296696429379994,1.912,0.7138047574806409,-0.04544204912176998,0.012489987466540536,0.030000000000000027,-0.051696652444071844,-0.010397798925573604,-0.007147200232517989,0.06169230769230834,-0.05032724026173833,1428398325674,0,0,0,0,0,0,0
128,48361.877,-0.12475182888718599,-0.1331531777569805,1.881,0.7653617835845533,0.0019821648597717284,0.046021579742431644,0,0,undefined,undefined,0.12475182888718599,0.1331531777569805,0,0,0.06237591444359299,0.06657658887849024,0,0,0,0,0,0,0,0,0,0
129,48427.215,-0.12634807287795635,-0.13165577256489602,1.879,0.7675783517345861,-0.00170554518699646,0.03278551483154297,0,0,undefined,undefined,0.12634807287795635,0.13165577256489602,0,0,0.07151262445046516,0.05800562035364856,0,0,0,0,0,0,0,0,0,0
130,48491.851,-0.12746196637338386,-0.12941061083285738,1.885,0.7712784497488142,0.011362153053283692,0.03583631134033203,0,0,undefined,undefined,0.12746196637338386,0.12941061083285738,0,0,0.06982258823981112,0.052427077194342336,0,0,0,0,0,0,0,0,0,0
131,48557.098,-0.12822153025521482,-0.128148907971465,1.888,0.7756766794638398,0.00502275800704956,0.02151183319091797,0,0,undefined,undefined,0.12822153025521482,0.128148907971465,0,0,0.06826463010637047,0.057174516462492934,0,0,0,0,0,0,0,0,0,0
132,48622.253,-0.1281457430168726,-0.12637646413835366,1.888,0.7772998356681945,0.019427581787109374,0.018185482025146485,0,0,undefined,undefined,0.1281457430168726,0.12637646413835366,0,0,0.06367096948692448,0.053788908711768196,0,0,0,0,0,0,0,0,0,0
133,48687.5,-0.12608640594227566,-0.12406534781761219,1.893,0.7813489995328214,0.04633251190185547,0.0030458338260650635,0,0,undefined,undefined,0.12608640594227566,0.12406534781761219,0,0,0.052122476060396515,0.049776754026086216,0,0,0,0,0,0,0,0,0,0
134,48752.777,-0.12424848876552509,-0.12328536678522907,1.898,0.7840368065808927,0.027812211990356446,-0.011108582496643066,0,0,undefined,undefined,0.12424848876552509,0.12328536678522907,0,0,0.05222776727718257,0.05744278552593618,0,0,0,0,0,0,0,0,0,0
135,48817.871,-0.11960818704698867,-0.12063763041211133,1.899,0.7864104543636051,0.07733001708984374,-0.021029092788696288,0,0,undefined,undefined,0.11960818704698867,0.12063763041211133,0,0,0.03519643289489209,0.046277788984976725,0,0,0,0,0,0,0,0,0,0
136,48883.026,-0.1121127509315428,-0.11822475374373574,1.907,0.7888190087313572,0.10503890228271484,-0.054015041351318356,0,0,undefined,undefined,0.1121127509315428,0.11822475374373574,0,0,0.015065709209426806,0.04591695759168889,0,0,0,0,0,0,0,0,0,0
137,48948.394,-0.10391507383293346,-0.11424370892746641,1.914,0.7901105523778332,0.12902110290527344,-0.045165763854980466,0,0,undefined,undefined,0.10391507383293346,0.11424370892746641,0,0,0.009133850580447779,0.03632535169217699,0,0,0,0,0,0,0,0,0,0
138,49013.366,-0.09427577235605843,-0.10986293352389057,1.911,0.7916988019971481,0.14844088745117187,-0.05647522735595703,0,0,undefined,undefined,0.09427577235605843,0.10986293352389057,0,0,-0.0055770437736310935,0.030974101273639892,0,0,0,0,0,0,0,0,0,0
139,49078.643,-0.08269486019274846,-0.10612695744449645,1.922,0.7939153701471807,0.16193264770507812,-0.08423005676269531,0,0,undefined,undefined,0.08269486019274846,0.10612695744449645,0,0,-0.020066498042390704,0.03325148436182487,0,0,0,0,0,0,0,0,0,0
140,49143.707,-0.06961639313213645,-0.10161977085887339,1.924,0.7942120761200196,0.18574295043945313,-0.09249750518798829,0,0,undefined,undefined,0.06961639313213645,0.10161977085887339,0,0,-0.0367146701716537,0.026161208789310584,0,0,0,0,0,0,0,0,0,0
141,49208.923,-0.060187589265355106,-0.09728542814863839,1.93,0.7959574053720141,0.145498291015625,-0.05531946182250977,0,0,undefined,undefined,0.060187589265355106,0.09728542814863839,0,0,-0.01990743799419323,0.025657563338224495,0,0,1428398326587,0,0,0,0,0,0,0
142,49274.23,-0.05103325992793017,-0.09268304026850849,1.919,0.7973536687736097,0.1453940887451172,-0.04981863021850586,0,0,undefined,undefined,0.05103325992793017,0.09268304026850849,0,0,-0.02377591262216919,0.021559431548939408,0,0,1428398326587,0,0,0,0,0,0,0
143,49339.324,-0.04705075831945758,-0.1467819190718924,1.924,0.7982786932771665,0.1551315155029297,-0.047183086395263675,0,0,undefined,undefined,0.04705075831945758,0.1467819190718924,0,0,0.002406052448131756,0.36027895319025477,0,0,0,1,-0.041557576702062796,-0.08748064684082235,45.738,0.2907821876895061,0.3695570286193416,118.96476745605467,0.09165448558875178,0.03129458458739799,-45.738,0.1991277021007543,0.3382624440319436,164.7027674560547
144,49404.449,-0.042409834879366975,-0.18870608925753465,1.91,0.7985753992500056,0.1372085418701172,-0.0225320987701416,0,0,undefined,undefined,0.042409834879366975,0.18870608925753465,0,0,-0.0030387124712375965,0.3133599038074955,0,0,0,1,-0.039590765882848794,-0.14127947725942705,45.75500000000002,0.27344117381081734,0.39135632133767945,117.98110198974608,0.12883095061350916,0.07021328650552594,-45.75500000000002,0.14461022319730818,0.3211430348321535,163.73610198974612
145,49469.818,-0.035455252290714126,-0.2229692387012701,1.883,0.7986452124200855,0.1337715301513672,-0.047474117279052735,0,0,undefined,undefined,0.035455252290714126,0.2229692387012701,0,0,-0.020908943791603213,0.3018354495936098,0,0,0,1,-0.033920179649065664,-0.1845257603197317,45.759000000000015,0.2479396828127456,0.40952239860296114,118.03268432617188,0.15586174560637706,0.10443874312501546,-45.759000000000015,0.09207793720636853,0.3050836554779457,163.7916843261719
146,49534.82,-0.029330666496940924,-0.2502054375359964,1.867,0.799116451318124,0.1583448028564453,0.005041743278503418,0,0,undefined,undefined,0.029330666496940924,0.2502054375359964,0,0,-0.018828495311226733,0.27405068114540754,0,0,0,1,-0.028331138160158253,-0.21517206819331844,45.786000000000016,0.252019921372437,0.4440379454069959,118.73455810546875,0.17397892223103872,0.12974207852260666,-45.786000000000016,0.07804099914139828,0.31429586688438926,164.52055810546878
147,49600.128,-0.02401537107457533,-0.2741018359616966,1.863,0.7979470807192875,0.18980818176269532,0.055159873962402343,0,0,undefined,undefined,0.02401537107457533,0.2741018359616966,0,0,-0.015758783087010217,0.2618828500554018,0,0,0,1,-0.02314229416305016,-0.2385715467513651,45.71900000000001,0.28670194912981467,0.49490296174978415,118.79870605468751,0.1869566057135867,0.14999725423661067,-45.71900000000001,0.09974534341622798,0.3449057075131735,164.51770605468752
148,49665.191,-0.016866724222176114,-0.25615490850665923,1.858,0.7968300699980112,0.26759503173828125,0.11118387603759766,0,0,undefined,undefined,0.016866724222176114,0.25615490850665923,0,0,-0.03066080036297015,0.02993019473359386,0,0,0,0,0,0,0,0,0,0
149,49730.438,-0.00853608141638991,-0.23414596318053266,1.838,0.7971442292633703,0.32343740844726565,0.14139212036132812,0,0,undefined,undefined,0.00853608141638991,0.23414596318053266,0,0,-0.04058926670757691,-0.0014367240119536745,0,0,0,0,0,0,0,0,0,0
150,49795.654,-0.0033556097444080567,-0.21315310842917368,1.843,0.7982786932771665,0.27956085205078124,0.16444332885742188,0,0,undefined,undefined,0.0033556097444080567,0.21315310842917368,0,0,-0.02621704259231364,-0.006461894446576896,0,0,0,0,0,0,0,0,0,0
151,49860.778,0.004251720573766258,-0.1897907215947212,1.849,0.8010886733728774,0.33060858154296874,0.16286282348632813,0,0,undefined,undefined,-0.004251720573766258,0.1897907215947212,0,0,-0.04308840815397559,-0.030902106772768057,0,0,0,0,0,0,0,0,0,0
152,49925.781,0.012868208068701936,-0.16514430065528532,1.878,0.8041429995638677,0.3554306335449219,0.16446670532226562,0,0,undefined,undefined,-0.012868208068701936,0.16514430065528532,0,0,-0.05283057516092769,-0.050139347038550594,0,0,0,0,0,0,0,0,0,0
153,49991.363,0.03752424205916185,-0.18012912337080675,1.861,0.8060803150335812,0.3568569641113281,0.15185870361328124,0,0,undefined,undefined,-0.03752424205916185,0.18012912337080675,0,0,-0.14951381643353498,0.16952953063135034,0,0,0,1,0.02208072581570296,-0.1409862930140057,46.185,0.19622777227017416,0.4284484718767128,117.1240921020508,0.0864455530086165,0.11354232530388743,-46.185,0.10978221926155765,0.3149061465728254,163.3090921020508
154,50056.457,0.06617092810291077,-0.17947954252125684,1.872,0.8081048969658947,0.468154296875,0.20350770568847656,0,0,undefined,undefined,-0.06617092810291077,0.17947954252125684,0,0,-0.18733685044087262,0.08624202822459043,0,0,0,1,0.04934233296795565,-0.14821544148473598,46.30100000000001,0.12168467705714624,0.3932205112607801,117.23679351806642,0.07306755454647498,0.13807105196178415,-46.30100000000001,0.048617122510671254,0.25514945929899596,163.5377935180664
155,50121.551,0.09662223521845151,-0.17228023673050094,1.847,0.809187001102131,0.49418417358398437,0.23008184814453125,0,0,undefined,undefined,-0.09662223521845151,0.17228023673050094,0,0,-0.2097953220098206,0.04796198159609043,0,0,0,1,0.07784242984932381,-0.14506344390849385,46.36300000000001,0.06126876870686029,0.38045667497851077,117.30924224853514,0.05126818744624667,0.1564430234923122,-46.36300000000001,0.010000581260613615,0.22401365148619856,163.67224224853516
156,50186.859,0.12284036706425745,-0.1659083140159447,1.844,0.8093266274422907,0.39720428466796875,0.23573747253417968,0,0,undefined,undefined,-0.12284036706425745,0.1659083140159447,0,0,-0.20045573119928145,0.04916365776411345,0,0,0,1,0.10352197567266105,-0.14227046383418387,46.37100000000001,0.014346025270408245,0.3641072054397572,116.59390258789062,0.03154988118512639,0.17309618518029005,-46.37100000000001,-0.017203855914718146,0.19101102025946717,162.96490258789063
157,50251.953,0.1467678942820105,-0.15719625490415362,1.845,0.8104261848710469,0.36521075439453127,0.30658706665039065,0,0,undefined,undefined,-0.1467678942820105,0.15719625490415362,0,0,-0.20423761161309228,0.030954054184469393,0,0,0,1,0.12484540838314168,-0.13418240580498061,46.434,-0.01931594284704647,0.39135632133767945,117.0378189086914,0.011183848418381492,0.1829377368301045,-46.434,-0.030499791265427963,0.20841858450757494,163.4718189086914
158,50317.108,0.16825576407074877,-0.14619111407123908,1.841,0.8111592231568848,0.3230412292480469,0.36930160522460936,0,0,undefined,undefined,-0.16825576407074877,0.14619111407123908,0,0,-0.19983179628242656,0.013837106396848951,0,0,0,1,0.14377107909224088,-0.12462369599487168,46.47600000000001,-0.05807820916411559,0.40952239860296114,118.36192321777342,-0.008646261950008227,0.19006954238136475,-46.47600000000001,-0.04943194721410736,0.21945285622159638,164.83792321777344
159,50382.354,0.18798249568817554,-0.13394765957846239,1.845,0.8112813962045243,0.28300177001953125,0.390162109375,0,0,undefined,undefined,-0.18798249568817554,0.13394765957846239,0,0,-0.19860270339104794,0.002046419600263874,0,0,0,1,0.16238846160938714,-0.11459851333153073,46.48300000000001,-0.0917401772815703,0.40952239860296114,117.03335571289062,-0.0287123699926779,0.19666832874426934,-46.48300000000001,-0.0630278072888924,0.2128540698586918,163.51635571289066
160,50447.357,0.202240871721353,-0.11737735750294777,1.851,0.8104959980411272,0.2350784149169922,0.4787655029296875,0,0,undefined,undefined,-0.202240871721353,0.11737735750294777,0,0,-0.17789630680855506,-0.030536024732066354,0,0,0,1,0.17562792648638004,-0.10060530697074122,46.43800000000003,-0.12132190683933347,0.39862275224379223,116.6563186645508,-0.048130541200079244,0.19659615295414573,-46.43800000000003,-0.07319136563925423,0.2020265992896465,163.09431866455083
161,50513.153,0.2134754728728822,-0.0962982788047401,1.858,0.8092568142722109,0.21615972900390626,0.53336474609375,0,0,undefined,undefined,-0.2134754728728822,0.0962982788047401,0,0,-0.16915218727827008,-0.06895685336545035,0,0,0,1,0.1864057063285128,-0.08243081568455785,46.367000000000004,-0.1468233978374053,0.3695570286193416,116.63677215576172,-0.06896541890067293,0.19179597942112347,-46.367000000000004,-0.07785797893673238,0.1777610491982181,163.00377215576174
162,50577.606,0.22042581281250406,-0.07281865481987239,1.864,0.8106181710887662,0.1572459716796875,0.5791577758789063,0,0,undefined,undefined,-0.22042581281250406,0.07281865481987239,0,0,-0.14652065235950051,-0.08624542474982047,0,0,0,1,0.19276385990077985,-0.06206823548398945,46.44499999999999,-0.17302317842141424,0.34027666487345565,115.66009521484375,-0.08784237359989376,0.18246667898627447,-46.44499999999999,-0.08518080482152048,0.15780998588718118,162.10509521484374
163,50643.066,0.22267635910177647,-0.0442373990807661,1.866,0.8103563717009671,0.12706329345703124,0.6510001220703125,0,0,undefined,undefined,-0.22267635910177647,0.0442373990807661,0,0,-0.12364585457034669,-0.13418504278285448,0,0,0,1,0.194810120226534,-0.03677489095910311,46.43,-0.19107561851051086,0.29299828429842795,116.21495056152344,-0.10762636417696686,0.16649306676789113,-46.43,-0.083449254333544,0.1265052175305368,162.64495056152344
164,50707.946,0.2209104096813456,-0.01324837710997777,1.872,0.808628495741493,0.06996469116210938,0.6790825805664062,0,0,undefined,undefined,-0.2209104096813456,0.01324837710997777,0,0,-0.10136575929433742,-0.15287813041230397,0,0,0,1,0.19309001563854225,-0.009654547045873613,46.331,-0.21608727643356868,0.23698923924552875,114.54962158203126,-0.12634341818929312,0.14633627403415353,-46.331,-0.08974385824427555,0.09065296521137522,160.88062158203127
165,50773.437,0.21642673008846178,0.021359099797077463,1.886,0.8087332154966128,0.04926612091064453,0.6909808959960938,0,0,undefined,undefined,-0.21642673008846178,-0.021359099797077463,0,0,-0.08369324227064753,-0.19993918923399703,0,0,0,1,0.18985728409719946,0.02093511548699092,46.33700000000002,-0.22611524735527203,0.14968027712746804,115.20565032958984,-0.1462251296276318,0.12289132943621625,-46.33700000000002,-0.07989011772764024,0.026788947691251785,161.54265032958986
166,50838.562,0.18293808420268254,0.054653194799583804,1.905,0.8095709735375701,0.014464640617370605,0.7081932373046875,0,0,undefined,undefined,-0.18293808420268254,-0.054653194799583804,0,0,0.09167199008651392,-0.20940367944474844,0,0,0,0,0,0,0,0,0,0
167,50903.717,0.14729045564026239,0.08512410114831911,1.913,0.8082794298910939,-0.037940818786621096,0.7024152221679687,0,0,undefined,undefined,-0.14729045564026239,-0.08512410114831911,0,0,0.11830354136213114,-0.2066361616827343,0,0,0,0,0,0,0,0,0,0
168,50968.872,0.10911325960307366,0.11302090994556044,1.932,0.8082794298910939,-0.09297716522216797,0.7031319580078125,0,0,undefined,undefined,-0.10911325960307366,-0.11302090994556044,0,0,0.15422491102683897,-0.20907112808269368,0,0,0,0,0,0,0,0,0,0
169,51034.24,0.07090517697005816,0.13711007448004522,1.941,0.8095884268300898,-0.13459678649902343,0.664015380859375,0,0,undefined,undefined,-0.07090517697005816,-0.13711007448004522,0,0,0.16414187303072353,-0.19439395645001772,0,0,0,0,0,0,0,0,0,0
170,51099.243,0.034017075864393974,0.15968747056013038,1.958,0.8109846902316852,-0.13648757934570313,0.6342137451171875,0,0,undefined,undefined,-0.034017075864393974,-0.15968747056013038,0,0,0.17010501840088219,-0.19436675887470006,0,0,0,0,0,0,0,0,0,0
171,51164.52,-0.001866269241575385,0.17900773635404138,1.959,0.8117700883950826,-0.160640625,0.5898255615234375,0,0,undefined,undefined,0.001866269241575385,-0.17900773635404138,0,0,0.2138004360968771,-0.20411561441208592,0,0,0,0,0,0,0,0,0,0
172,51229.614,-0.03479913979348528,0.19353807805852477,1.949,0.8139517499600756,-0.18184571838378907,0.5083952331542969,0,0,undefined,undefined,0.03479913979348528,-0.19353807805852477,0,0,0.18943695337686894,-0.17267380912730995,0,0,0,0,0,0,0,0,0,0
173,51294.83,-0.06508476434227822,0.20170126053092963,1.937,0.8160461450624689,-0.2229053955078125,0.4143439636230469,0,0,undefined,undefined,0.06508476434227822,-0.20170126053092963,0,0,0.19314796689958652,-0.1441402342857936,0,0,0,0,0,0,0,0,0,0
174,51359.985,-0.09075654144794727,0.20311397018741714,1.935,0.8172155156613049,-0.24838243103027344,0.2950241394042969,0,0,undefined,undefined,0.09075654144794727,-0.20311397018741714,0,0,0.18577080177060123,-0.10928274102762467,0,0,0,0,0,0,0,0,0,0
175,51425.231,-0.1101108840693978,0.20056187714150045,1.93,0.81566217262703,-0.2265658721923828,0.18551617431640624,0,0,undefined,undefined,0.1101108840693978,-0.20056187714150045,0,0,0.157692107451482,-0.0867471118121011,0,0,0,0,0,0,0,0,0,0
176,51490.295,-0.12276641019058317,0.19513113450062144,1.909,0.8174598617565844,-0.18942721557617187,0.08240008544921874,0,0,undefined,undefined,0.12276641019058317,-0.19513113450062144,0,0,0.12952834574782818,-0.06832310687634685,0,0,0,0,0,0,0,0,0,0
177,51555.694,-0.13016724929561063,0.18280764026500937,1.911,0.8186466856479405,-0.2107743682861328,-0.045479389190673826,0,0,undefined,undefined,0.13016724929561063,-0.18280764026500937,0,0,0.10493429675179936,-0.0250465434792089,0,0,0,0,0,0,0,0,0,0
178,51620.727,-0.1323296207923355,0.16776576877352262,1.921,0.8189433916207794,-0.1869188690185547,-0.13046620178222657,0,0,undefined,undefined,0.1323296207923355,-0.16776576877352262,0,0,0.07780834922468634,-0.0028881917402941854,0,0,0,0,0,0,0,0,0,0
179,51685.943,-0.13173165327398725,0.1504493748860599,1.922,0.8180009138247025,-0.1835986785888672,-0.18395628356933594,0,0,undefined,undefined,0.13173165327398725,-0.1504493748860599,0,0,0.06264600153819531,0.018017433489461665,0,0,0,0,0,0,0,0,0,0
180,51751.037,-0.12714897097501662,0.1299690061299604,1.921,0.8155399995793904,-0.17719619750976562,-0.26019601440429685,0,0,undefined,undefined,0.12714897097501662,-0.1299690061299604,0,0,0.03927238238690649,0.04362351306585041,0,0,0,0,0,0,0,0,0,0
181,51816.253,-0.11857316099344774,0.10535054053082799,1.962,0.8134805110620371,-0.1806914520263672,-0.34679043579101565,0,0,undefined,undefined,0.11857316099344774,-0.10535054053082799,0,0,0.013109142134429874,0.07988569834529899,0,0,0,0,0,0,0,0,0,0
182,51881.53,-0.10653551206840146,0.07655236750537184,1.967,0.8115431955923234,-0.18986380004882814,-0.4279669189453125,0,0,undefined,undefined,0.10653551206840146,-0.07655236750537184,0,0,-0.010568260992559801,0.11444140047321787,0,0,0,0,0,0,0,0,0,0
183,51946.655,-0.09316535750343499,0.04634381355785351,1.969,0.8084714161088133,-0.19062059020996094,-0.4573951110839844,0,0,undefined,undefined,0.09316535750343499,-0.04634381355785351,0,0,-0.026535354025442895,0.1420311226215641,0,0,1428398329324,0,0,0,0,0,0,0
184,52011.779,-0.07965209872346869,0.01741752380489539,1.956,0.8074067652650967,-0.17382162475585938,-0.44624789428710937,0,0,undefined,undefined,0.07965209872346869,-0.01741752380489539,0,0,-0.03293765176116111,0.14704818292117294,0,0,1428398329324,0,0,0,0,0,0,0
185,52077.209,-0.06389868953047266,-0.011267339745443344,1.951,0.8039335600536281,-0.1474982452392578,-0.46820648193359377,0,0,undefined,undefined,0.06389868953047266,0.011267339745443344,0,0,-0.049134379022243234,0.15327634991122985,0,0,1428398329324,0,0,0,0,0,0,0
186,52142.211,-0.04878320459101117,-0.03779690472637447,1.947,0.8026420164071524,-0.12923065185546875,-0.43939273071289064,0,0,undefined,undefined,0.04878320459101117,0.03779690472637447,0,0,-0.05958331403483604,0.16628492447947124,0,0,1428398329324,0,0,0,0,0,0,0
187,52207.489,-0.0331529920586581,-0.059819005262130326,1.938,0.8013155661756364,-0.07467234802246094,-0.39813470458984374,0,0,undefined,undefined,0.0331529920586581,0.059819005262130326,0,0,-0.06758618683718746,0.14849004397744286,0,0,1428398329324,0,0,0,0,0,0,0
188,52272.674,-0.019670548015661576,-0.07895243733187256,1.931,0.7986277591275652,-0.06543647766113281,-0.3449457702636719,0,0,undefined,undefined,0.019670548015661576,0.07895243733187256,0,0,-0.05855393490591968,0.13652985959941136,0,0,1428398329654,0,0,0,0,0,0,0
189,52337.829,-0.005472783593089841,-0.09522493056330308,1.902,0.7953116335487761,-0.026279390335083006,-0.32286648559570313,0,0,undefined,undefined,0.005472783593089841,0.09522493056330308,0,0,-0.08008390066845687,0.14253534246499627,0,0,1428398329714,0,0,0,0,0,0,0
190,52403.167,0.006137212245538272,-0.10895424182468776,1.872,0.7920304145550267,-0.025141969680786132,-0.26852789306640623,0,0,undefined,undefined,-0.006137212245538272,0.10895424182468776,0,0,-0.06371783811560255,0.12619740362106976,0,0,0,0,0,0,0,0,0,0
191,52467.987,0.015323132939033094,-0.1202385702923952,1.83,0.788539756051038,-0.023696468353271483,-0.21696739196777343,0,0,undefined,undefined,-0.015323132939033094,0.1202385702923952,0,0,-0.05712421635756558,0.12088105381846842,0,0,0,0,0,0,0,0,0,0
192,52533.203,0.02425367538921036,-0.1259385658256418,1.801,0.7854854298600481,0.03377744293212891,-0.15528717041015624,0,0,undefined,undefined,-0.02425367538921036,0.1259385658256418,0,0,-0.060965741719012104,0.09414113348526332,0,0,0,0,0,0,0,0,0,0
193,52598.754,0.030816335644013627,-0.12963365683707193,1.759,0.7831466886623756,0.030405670166015624,-0.10880253601074219,0,0,undefined,undefined,-0.030816335644013627,0.12963365683707193,0,0,-0.050210154021721104,0.08441200802460477,0,0,0,0,0,0,0,0,0,0
194,52663.513,0.03569750780904179,-0.13105728387814675,1.715,0.7816631587981805,0.036823272705078125,-0.06678975677490234,0,0,undefined,undefined,-0.03569750780904179,0.13105728387814675,0,0,-0.04413198863928791,0.07319432600639933,0,0,0,0,0,0,0,0,0,0
195,52728.729,0.0400125460609769,-0.13105072345508445,1.678,0.7805810546619442,0.04600783920288086,-0.04552678680419922,0,0,undefined,undefined,-0.0400125460609769,0.13105072345508445,0,0,-0.043241094387062126,0.0654900363725914,0,0,0,0,0,0,0,0,0,0
196,52793.853,0.04228368234706817,-0.12966719956467704,1.627,0.7798480163761065,0.038808425903320315,-0.009227714538574218,0,0,undefined,undefined,-0.04228368234706817,0.12966719956467704,0,0,-0.033371036560179375,0.057383855757067836,0,0,0,0,0,0,0,0,0,0
197,52859.069,0.04164969243217768,-0.1258897916022699,1.576,0.7800225493013057,0.033080780029296875,0.0469742660522461,0,0,undefined,undefined,-0.04164969243217768,0.1258897916022699,0,0,-0.017411054366678502,0.042605006772788834,0,0,0,0,0,0,0,0,0,0
198,52924.438,0.040189902012121206,-0.11997773131992756,1.529,0.7789404451650693,0.046802452087402344,0.07844300842285157,0,0,undefined,undefined,-0.040189902012121206,0.11997773131992756,0,0,-0.012234541051910373,0.028154694908889638,0,0,0,0,0,0,0,0,0,0
199,52989.44,0.035484844126802174,-0.11266806426842971,1.477,0.7786437391922304,0.026802539825439453,0.12761114501953125,0,0,undefined,undefined,-0.035484844126802174,0.11266806426842971,0,0,0.007592505011393698,0.01697428647230334,0,0,0,0,0,0,0,0,0,0
200,53054.656,0.030367484816067495,-0.10390134884130163,1.428,0.7792720577229483,0.037711715698242186,0.14752093505859376,0,0,undefined,undefined,-0.030367484816067495,0.10390134884130163,0,0,0.011953769088286518,0.0054605168525473785,0,0,0,0,0,0,0,0,0,0
201,53120.239,0.02360866471010118,-0.09353096859697019,1.375,0.7784692062670308,0.03719266128540039,0.18191386413574218,0,0,undefined,undefined,-0.02360866471010118,0.09353096859697019,0,0,0.025744668233651156,-0.010847739281134021,0,0,1428398330495,0,0,0,0,0,0,0
202,53185.089,0.015066601821285571,-0.08066712325914756,1.321,0.7779281541989128,0.04426515960693359,0.22735610961914063,0,0,undefined,undefined,-0.015066601821285571,0.08066712325914756,0,0,0.03708941567272233,-0.026865630433678754,0,0,1428398330495,0,0,0,0,0,0,0
203,53250.305,0.007266550551946046,-0.06694473288182116,1.267,0.778189953586712,0.061108901977539064,0.22874282836914062,0,0,undefined,undefined,-0.007266550551946046,0.06694473288182116,0,0,0.03773063297052446,-0.0392978855600627,0,0,1428398330495,0,0,0,0,0,0,0
204,53315.429,-0.0030916093921082716,-0.050268163074510354,1.215,0.7777012613961536,0.06494820404052734,0.28722222900390626,0,0,undefined,undefined,0.0030916093921082716,0.050268163074510354,0,0,0.05909113771857812,-0.06751352850336044,0,0,1428398330495,0,0,0,0,0,0,0
205,53380.615,-0.014207641708741914,-0.03265716199391066,1.161,0.7765318907973175,0.06654231262207032,0.3052174072265625,0,0,undefined,undefined,0.014207641708741914,0.03265716199391066,0,0,0.06517264638902431,-0.07566918584199828,0,0,1428398330495,0,0,0,0,0,0,0
206,53446.136,-0.026044184155603875,-0.013968662789193011,1.107,0.7755021465386405,0.06980255126953125,0.3243985900878906,0,0,undefined,undefined,0.026044184155603875,0.013968662789193011,0,0,0.07579163535661537,-0.0921213462061789,0,0,1428398330824,0,0,0,0,0,0,0
207,53510.986,-0.03867380599159269,0.005232427958733165,1.055,0.7742629627697246,0.06635654449462891,0.33828890991210936,0,0,undefined,undefined,0.03867380599159269,-0.005232427958733165,0,0,0.08950146875128975,-0.10928894035673423,0,0,1428398330887,0,0,0,0,0,0,0
208,53576.141,-0.05227263620337759,0.02512274942825545,1.003,0.7746120286201237,0.06277199554443359,0.3559271240234375,0,0,undefined,undefined,0.05227263620337759,-0.02512274942825545,0,0,0.09717498338713229,-0.11646603910715457,0,0,1428398330954,0,0,0,0,0,0,0
209,53641.784,-0.06676556578260304,0.04456125883091768,0.951,0.7739837100894058,0.04857091903686524,0.3604421081542969,0,0,undefined,undefined,0.06676556578260304,-0.04456125883091768,0,0,0.11264099152769068,-0.1285849777112679,0,0,1428398331018,0,0,0,0,0,0,0
210,53706.542,-0.06538525373199267,0.09850485253459018,0.902,0.7729888724157687,0.0324906005859375,0.35574664306640624,0,0,undefined,undefined,0.06538525373199267,-0.09850485253459018,0,0,0.02588827168693112,-0.3151715501586384,0,0,1428398331089,1,-0.08179410994109745,0.06303568040196718,44.28900000000001,-0.00024181019434964038,-0.2513827019171206,108.98199462890625,0.014533995911146229,-0.10223764662613313,-44.28900000000001,-0.01477580610549587,-0.14914505529098745,153.27099462890627
211,53771.759,-0.06263199168554395,0.1445761086495686,0.843,0.7716798754767731,0.014184913635253905,0.2970307006835938,0,0,undefined,undefined,0.06263199168554395,-0.1445761086495686,0,0,0.015518590658230184,-0.3366313271156441,0,0,0,1,-0.07853565529171198,0.11334002248193803,44.21400000000001,-0.007422522601531914,-0.26821899775579944,109.07654571533203,-0.022746896170484456,-0.1360014285326225,-44.21400000000001,0.015324373568952542,-0.13221756922317693,153.29054571533206
212,53836.883,-0.07194047611913244,0.15595054781040094,0.788,0.768660455870823,0.018901334762573243,0.21965548706054688,0,0,undefined,undefined,0.07194047611913244,-0.15595054781040094,0,0,0.08687601230575327,-0.1401792380660023,0,0,0,0,0,0,0,0,0,0
213,53902.13,-0.07627094515244973,0.1635595885063329,0.731,0.7645938387136761,0.032650108337402346,0.127201904296875,0,0,undefined,undefined,0.07627094515244973,-0.1635595885063329,0,0,0.06110008108624076,-0.12213076764068442,0,0,0,0,0,0,0,0,0,0
214,53967.437,-0.07802919870055604,0.16502233164497834,0.676,0.7621678310534039,-0.0038443870544433594,0.03409123229980469,0,0,undefined,undefined,0.07802919870055604,-0.16502233164497834,0,0,0.04848211845546585,-0.09038747503058003,0,0,0,0,0,0,0,0,0,0
215,54032.47,-0.078327968036231,0.1583502207792933,0.622,0.7613300730124468,-0.07234718322753907,-0.06929869079589844,0,0,undefined,undefined,0.078327968036231,-0.1583502207792933,0,0,0.04077274197944223,-0.04324835957441956,0,0,0,0,0,0,0,0,0,0
216,54097.625,-0.07712758021335071,0.14466196037496123,0.563,0.7616093256927658,-0.1286151123046875,-0.16105982971191407,0,0,undefined,undefined,0.07712758021335071,-0.14466196037496123,0,0,0.032100163368089185,0.0013750373743074834,0,0,0,0,0,0,0,0,0,0
217,54162.963,-0.07440916853356859,0.12259681497481544,0.5,0.7616965921553656,-0.19889227294921874,-0.267676025390625,0,0,undefined,undefined,0.07440916853356859,-0.12259681497481544,0,0,0.02278876475278819,0.05571372721033515,0,0,0,0,0,0,0,0,0,0
218,54228.057,-0.07105830062964572,0.09368718812873625,0.442,0.7619932981282047,-0.2629061279296875,-0.3485028076171875,0,0,undefined,undefined,0.07105830062964572,-0.09368718812873625,0,0,0.01720409146524464,0.1112559277501274,0,0,1428398331605,0,0,0,0,0,0,0
219,54293.243,-0.06884379674466308,0.06036768285348211,0.378,0.7613126197199269,-0.32100762939453126,-0.38451284790039064,0,0,undefined,undefined,0.06884379674466308,-0.06036768285348211,0,0,0.022678317164090293,0.14651050472990967,0,0,1428398331605,0,0,0,0,0,0,0
220,54358.367,-0.06376088371389721,0.02550806073750578,0.321,0.7601432491210907,-0.30553512573242186,-0.43113787841796875,0,0,undefined,undefined,0.06376088371389721,-0.02550806073750578,0,0,0.00451091015282469,0.17495162717881196,0,0,1428398331605,0,0,0,0,0,0,0
221,54423.919,-0.05810210553879867,-0.01178602627574339,0.26,0.7590087851072942,-0.3239316101074219,-0.463911865234375,0,0,undefined,undefined,0.05810210553879867,0.01178602627574339,0,0,-0.001895390375670776,0.20984505149157806,0,0,1428398331605,0,0,0,0,0,0,0
222,54488.861,-0.05372145026584432,-0.05170169102723515,0.204,0.7587818923045351,-0.3643772888183594,-0.479614990234375,0,0,undefined,undefined,0.05372145026584432,0.05170169102723515,0,0,0.0036299774733157576,0.2375248252563769,0,0,1428398331605,0,0,0,0,0,0,0
223,54553.985,-0.050745205701363996,-0.09180635289724733,0.152,0.7580663073112173,-0.38150619506835937,-0.46726058959960937,0,0,undefined,undefined,0.050745205701363996,0.09180635289724733,0,0,0.009589487736013601,0.2585794136380821,0,0,1428398331932,0,0,0,0,0,0,0
224,54619.079,-0.048171941539288804,-0.12853544791055993,0.108,0.7581186671887772,-0.3507497253417969,-0.4266092529296875,0,0,undefined,undefined,0.048171941539288804,0.12853544791055993,0,0,0.010229932973854905,0.2620397740269632,0,0,0,0,0,0,0,0,0,0
225,54684.631,-0.04601737594395737,-0.16068114956990992,0.056,0.7581012138962571,-0.3080623779296875,-0.3723505554199219,0,0,undefined,undefined,0.04601737594395737,0.16068114956990992,0,0,0.011753494563530897,0.24826588196066385,0,0,0,0,0,0,0,0,0,0
226,54749.664,-0.04413453605808925,-0.18763765934540858,0.004,0.758467733039176,-0.25749859619140625,-0.31303216552734375,0,0,undefined,undefined,0.04413453605808925,0.18763765934540858,0,0,0.011607046440888408,0.24357721731436344,0,0,0,0,0,0,0,0,0,0
227,54814.697,-0.042145386653435826,-0.20900451139898024,-0.047,0.7614347927675662,-0.19878643798828124,-0.25317236328125,0,0,undefined,undefined,0.042145386653435826,0.20900451139898024,0,0,0.010361888840122551,0.21955453598795294,0,0,0,0,0,0,0,0,0,0
228,54879.882,-0.039984161569226184,-0.22313944192472218,-0.099,0.7672641924692274,-0.122822265625,-0.17584027099609376,0,0,undefined,undefined,0.039984161569226184,0.22313944192472218,0,0,0.008531038671380144,0.18652768587159865,0,0,0,0,0,0,0,0,0,0
229,54945.068,-0.03714869193557014,-0.22817319538232064,0,0.7959050454944545,-0.021799005508422852,-0.08387478637695313,0,0,undefined,undefined,0.03714869193557014,0.22817319538232064,0,0,0.003306432555790986,0.14119142400130588,0,0,0,0,0,0,0,0,0,0
