n,time,state.x,state.y,state.z,state.yaw,state.vx,state.vy,goal.x,goal.y,goal.z,goal.yaw,error.ex,error.ey,error.ez,error.eyaw,control.ux,control.uy,control.uz,control.uyaw,last_OK,ekf.s.x,ekf.s.y,ekf.s.yaw
0,375398.254,0,0,0.725,0,0.0018601579666137696,-0.039187423706054686,0.002635181617564953,-0.06573364608749233,0.727,-0.21120229278383387,0.002635181617564953,-0.06573364608749233,0.0020000000000000018,-0.21120229278383387,0.0013175908087824765,-0.03286682304374616,0.0016000000000000016,-0.21120229278383387,0,0,0,0,0,0,0,0
1,375463.287,0.00042147903442382815,-0.0031059323628743487,0.722,-0.0010297442586766348,0.006322185516357422,-0.04658898544311523,0.002635181617564953,-0.06573364608749233,0.727,-0.21120229278383387,0.002213702583141125,-0.06262771372461798,0.0050000000000000044,-0.21017254852515724,-0.0014811778671722415,-0.011901779594344322,0.022750000000000017,-0.20465606142510384,0,0,0,0,0,0,0,0
2,375528.411,0.0017557915217670719,-0.006827629228782334,0.718,-0.013665928043115614,0.020072162628173826,-0.05580481338500977,0.002635181617564953,-0.06573364608749233,0.727,-0.21120229278383387,0.0008793900957978812,-0.05890601685870999,0.009000000000000008,-0.19753636474071826,-0.0067450644993339096,-0.009413102228311987,0.02873846153846156,-0.13921551650484604,0,0,0,0,0,0,0,0
3,375593.994,0.0029408275165085794,-0.010823855260918131,0.715,-0.0256737932968365,0.018593036651611328,-0.05969488143920899,0.002635181617564953,-0.06573364608749233,0.727,-0.21120229278383387,-0.00030564589894362636,-0.0549097908265742,0.01200000000000001,-0.18552849948699737,-0.006437104739767686,-0.006262787667112444,0.025509090909090933,-0.13094729378826608,0,0,0,0,0,0,0,0
4,375658.66,0.00381487685745573,-0.015252830668254305,0.713,-0.03384193419616999,0.014811861038208007,-0.066076171875,0.002635181617564953,-0.06573364608749233,0.727,-0.21120229278383387,-0.001179695239890777,-0.05048081541923802,0.014000000000000012,-0.17736035858766389,-0.005224957761331793,-0.0017534169131392663,0.021806060606060624,-0.1402324454088753,0,0,0,0,0,0,0,0
5,375723.876,0.0034072416165751907,-0.02065355577559247,0.712,-0.041207223639585955,-0.003369986057281494,-0.08117137908935547,0.002635181617564953,-0.06573364608749233,0.727,-0.21120229278383387,-0.0007720599990102377,-0.045080090311899856,0.015000000000000013,-0.16999506914424792,0.0017756720354674387,0.006100163746600922,0.017303030303030317,-0.13651648076508444,0,0,0,0,0,0,0,0
6,375788.97,0.0021596169757695225,-0.027111897322739328,0.71,-0.04878195259324147,-0.014707657814025879,-0.09756383514404297,0.002635181617564953,-0.06573364608749233,0.727,-0.21120229278383387,0.00047556464179543054,-0.038621748764752994,0.017000000000000015,-0.1624203401905924,0.007169030325373649,0.01656880087955051,0.024711111111111135,-0.12635020231604233,0,0,0,0,0,0,0,0
7,375854.125,0.00022594308519654013,-0.03515973215804919,0.709,-0.05663593422721581,-0.023084102630615236,-0.12198828125,0.002635181617564953,-0.06573364608749233,0.727,-0.21120229278383387,0.002409238532368413,-0.030573913929443135,0.018000000000000016,-0.15456635855661807,0.011616709446192574,0.02804753830233152,0.0197846153846154,-0.11831721255365964,0,0,0,0,0,0,0,0
8,375919.433,-0.0030517337870476823,-0.044532880242777455,0.706,-0.06372197099031295,-0.04112772369384766,-0.14315481567382812,0.002635181617564953,-0.06573364608749233,0.727,-0.21120229278383387,0.005686915404612636,-0.02120076584471487,0.02100000000000002,-0.14748032179352094,0.019001019748580657,0.03560527665024668,0.03158873239436623,-0.11753932138606828,0,0,0,0,0,0,0,0
9,375984.619,-0.007218799626273143,-0.05637822784266128,0.706,-0.07127924665144823,-0.05106465530395508,-0.18129991149902344,0.002635181617564953,-0.06573364608749233,0.727,-0.21120229278383387,0.009853981243838097,-0.009355418244831049,0.02100000000000002,-0.13992304613238565,0.0284507493917402,0.06219118861886411,0.016800000000000016,-0.10335558325592459,0,0,0,0,0,0,0,0
10,376049.652,-0.012769881167000978,-0.06988988370077763,0.701,-0.07883652231258363,-0.0686205062866211,-0.20809031677246093,0.002635181617564953,-0.06573364608749233,0.727,-0.21120229278383387,0.01540506278456593,0.004156237613285305,0.026000000000000023,-0.13236577047125025,0.0371400850173548,0.07373083926635057,0.04731515151515155,-0.09801451746608936,0,0,0,0,0,0,0,0
11,376114.959,-0.019112752068130026,-0.08499413479236678,0.696,-0.08613199858592001,-0.07700454711914062,-0.23335304260253906,0.002635181617564953,-0.06573364608749233,0.727,-0.21120229278383387,0.02174793368569498,0.019260488704874457,0.031000000000000028,-0.12507029419791388,0.04668049612341471,0.09489617793398888,0.05302580645161295,-0.08976960255273786,0,0,0,0,0,0,0,0
12,376179.931,-0.027619988207706683,-0.10059896825816918,0.696,-0.09330530181161678,-0.10699927520751953,-0.244182373046875,0.002635181617564953,-0.06573364608749233,0.727,-0.21120229278383387,0.030255169825271638,0.03486532217067685,0.031000000000000028,-0.11789699097221709,0.060935779510356274,0.101458687439659,0.024800000000000023,-0.08478943762284731,0,0,0,0,0,0,0,0
13,376245.208,-0.03613087443760005,-0.11637266516234598,0.692,-0.1002691655270741,-0.10506346130371094,-0.2474706573486328,0.002635181617564953,-0.06573364608749233,0.727,-0.21120229278383387,0.038766056055165,0.05063901907485366,0.03500000000000003,-0.11093312725675977,0.06592693709731182,0.11158191448214373,0.049875000000000044,-0.07829001609055358,0,0,0,0,0,0,0,0
14,376310.272,-0.04459780524120777,-0.13210486411334527,0.694,-0.10636036461653442,-0.10274386596679687,-0.24751095581054688,0.002635181617564953,-0.06573364608749233,0.727,-0.21120229278383387,0.047232986858772724,0.06637121802585294,0.03300000000000003,-0.10484192816729945,0.06851688405457884,0.1166139367833772,0.01579393939393941,-0.07715465957884346,0,0,0,0,0,0,0,0
15,376375.457,-0.052008273814420435,-0.14768009327256532,0.696,-0.11234684395087491,-0.08572690582275391,-0.244108642578125,0.002635181617564953,-0.06573364608749233,0.727,-0.21120229278383387,0.054643455431985385,0.08194644718507299,0.031000000000000028,-0.09885544883295896,0.06661966711939316,0.12356913580052159,0.01419393939393941,-0.07164417913141129,1428397218946,0,0,0,0,0,0,0
16,376440.673,-0.05828768777471911,-0.16234128302850165,0.702,-0.11606439525762291,-0.06894226837158203,-0.22909126281738282,0.002635181617564953,-0.06573364608749233,0.727,-0.21120229278383387,0.060922869392284064,0.09660763694100932,0.025000000000000022,-0.09513789752621096,0.06427366371313491,0.12724868638708492,-0.012307692307692311,-0.07797996841814327,1428397218946,0,0,0,0,0,0,0
17,376505.767,-0.06255927161162372,-0.1748482571448782,0.699,-0.1183682298702553,-0.04191731262207031,-0.19376242065429689,0.002635181617564953,-0.06573364608749233,0.727,-0.21120229278383387,0.06519445322918868,0.10911461105738587,0.028000000000000025,-0.09283406291357857,0.05524956514363397,0.12088216826705343,0.038309090909090945,-0.08236208740161315,0,0,0,0,0,0,0,0
18,376570.861,-0.06501787862392222,-0.184235608444428,0.697,-0.12072442436044784,-0.019992481231689452,-0.14418009948730467,0.002635181617564953,-0.06573364608749233,0.727,-0.21120229278383387,0.06765306024148718,0.11850196235693566,0.030000000000000027,-0.09047786842338604,0.047272037219250995,0.11058805859788073,0.03493750000000003,-0.07943320675060855,0,0,0,0,0,0,0,0
19,376636.23,-0.06500850335995807,-0.1887813064530076,0.698,-0.12168435544904464,0.008351276397705078,-0.06767225646972656,0.002635181617564953,-0.06573364608749233,0.727,-0.21120229278383387,0.06764368497752303,0.12304766036551529,0.029000000000000026,-0.08951793733478923,0.03377212517986073,0.08562980447067989,0.017896969696969717,-0.08515461420480375,0,0,0,0,0,0,0,0
20,376701.202,-0.0634310503609945,-0.18736257580523785,0.701,-0.12201596800692348,0.020903656005859375,0.02399576950073242,0.002635181617564953,-0.06573364608749233,0.727,-0.21120229278383387,0.06606623197855946,0.12162892971774553,0.026000000000000023,-0.0891863247769104,0.024913872612261346,0.05351217476005782,0.005358823529411772,-0.08772332819803318,0,0,0,0,0,0,0,0
21,376766.418,-0.06022761001554773,-0.180476339305713,0.705,-0.12435470920459588,0.035122142791748044,0.10837411499023437,0.002635181617564953,-0.06573364608749233,0.727,-0.21120229278383387,0.06286279163311269,0.11474269321822067,0.02200000000000002,-0.086847583579238,0.013051000391861762,0.017860153579049687,-0.0053508196721311525,-0.07534557768904587,0,0,0,0,0,0,0,0
22,376831.512,-0.05338299230874733,-0.16820002082020455,0.711,-0.12615239833415012,0.07903614807128906,0.1954573211669922,0.002635181617564953,-0.06573364608749233,0.727,-0.21120229278383387,0.05601817392631228,0.10246637473271222,0.016000000000000014,-0.08504989444968375,-0.006709988361193749,-0.01103799335723745,-0.01763478260869566,-0.07723385475596964,0,0,0,0,0,0,0,0
23,376896.697,-0.04583107904944089,-0.15034206572382885,0.717,-0.12646655759950895,0.07867571258544923,0.2799931640625,0.002635181617564953,-0.06573364608749233,0.727,-0.21120229278383387,0.048466260667005844,0.08460841963633653,0.010000000000000009,-0.08473573518432492,-0.018398638065807608,-0.05850682701621064,-0.0258709677419355,-0.08321560970678221,1428397219468,0,0,0,0,0,0,0
24,376961.975,-0.03801718659335091,-0.12818775653789544,0.725,-0.12653637076958876,0.07435758209228516,0.3444441528320312,0.002635181617564953,-0.06573364608749233,0.727,-0.21120229278383387,0.04065236821091586,0.06245411045040311,0.0020000000000000018,-0.08466592201424511,-0.02240604026378415,-0.08992932313537182,-0.042150000000000035,-0.08433867277949599,1428397219468,0,0,0,0,0,0,0
25,377027.008,-0.028607666405202115,-0.10082022148009626,0.738,-0.12616985162667002,0.08820803833007812,0.42504302978515623,0.002635181617564953,-0.06573364608749233,0.727,-0.21120229278383387,0.03124284802276707,0.03508657539260393,-0.01100000000000001,-0.08503244115716385,-0.0342775466833449,-0.12758758003445125,-0.077739393939394,-0.08669843726133995,1428397219468,0,0,0,0,0,0,0
26,377092.132,-0.019131173053080125,-0.07149758259804567,0.728,-0.1259604121164307,0.08567011260986328,0.45423052978515627,0.002635181617564953,-0.06573364608749233,0.727,-0.21120229278383387,0.02176635467064508,0.005763936510553347,-0.0010000000000000009,-0.08524188066740318,-0.040144094560718935,-0.15500916418653413,0.05304615384615388,-0.08620852456081547,1428397219468,0,0,0,0,0,0,0
27,377157.562,-0.008917928783740465,-0.04194293999539994,0.725,-0.12648401089202896,0.09629176330566407,0.45905340576171877,0.002635181617564953,-0.06573364608749233,0.727,-0.21120229278383387,0.011553110401305418,-0.023790706092092384,0.0020000000000000018,-0.08471828189180491,-0.048384588651906105,-0.16862451836310685,0.017509090909090922,-0.08233828745726735,1428397219468,0,0,0,0,0,0,0
28,377222.412,0.00008557061343355404,-0.012601547313921102,0.728,-0.12843877965426262,0.07845368957519532,0.4536414794921875,0.002635181617564953,-0.06573364608749233,0.727,-0.21120229278383387,0.002549611004131399,-0.053132098773571224,-0.0010000000000000009,-0.08276351312957125,-0.04506673551280057,-0.17758792348263258,-0.01624117647058825,-0.07413953329618746,1428397219797,0,0,0,0,0,0,0
29,377287.689,0.009284358583942012,0.015816548912602285,0.731,-0.1283340598991429,0.08224589538574219,0.4404338073730469,0.002635181617564953,-0.06573364608749233,0.727,-0.21120229278383387,-0.00664917696637706,-0.08155019500009461,-0.0040000000000000036,-0.08286823288469097,-0.05525323025218789,-0.20119983426267934,-0.02013548387096776,-0.08337494137720575,1428397219859,0,0,0,0,0,0,0
30,377352.783,0.016943190592425002,0.0425386965002342,0.737,-0.1282118868515034,0.06263840103149414,0.4122388610839844,0.009284358583942012,0.015816548912602285,2,-0.1283340598991429,-0.0076588320084829895,-0.026722147587631917,1.263,-0.00012217304763950665,-0.0038294160042414947,-0.013361073793815958,1.0104,-0.00012217304763950665,0,0,0,0,0,0,0,0
31,377417.968,0.0234929107412325,0.06360419423048015,0.747,-0.12585569236131097,0.057037605285644534,0.32595071411132814,0.009284358583942012,0.015816548912602285,2,-0.1283340598991429,-0.014208552157290489,-0.047787645317877867,1.2530000000000001,-0.002478367537831927,-0.04292305814243625,-0.13909576337122145,0.9477125000000013,-0.013523029210608897,0,0,0,0,0,0,0,0
32,377483.215,0.028058268558489675,0.07775663467360576,0.763,-0.12164944886400472,0.041291728973388675,0.2192034606933594,0.009284358583942012,0.015816548912602285,2,-0.1283340598991429,-0.018773909974547663,-0.061940085761003474,1.237,-0.006684611035138177,-0.03396965092635092,-0.10717549142040886,0.9034461538461539,-0.02609804256116702,0,0,0,0,0,0,0,0
33,377548.339,-0.17014187320489108,0.14000034403767608,0.789,-0.11557570306706441,0.030425935745239257,0.10186016845703125,0.009284358583942012,0.015816548912602285,2,-0.1283340598991429,0.1794262317888331,-0.1241837951250738,1.2109999999999999,-0.012758356832078488,1.1098609043824057,-0.3824639310540753,0.8349764705882339,-0.03955429417152103,0,1,0.030895720333522923,0.08425098320976458,-6.6219999999999954,0.08900766610419773,-0.09173373888557397,-96.74105834960936,-0.02097389849349242,-0.08725175808385738,6.6219999999999954,0.10998156459769015,-0.004481980801716592,-103.36305834960936
34,377613.433,-0.20760941584749532,0.08462556293995878,0.822,-0.11051424823628095,0.031101539611816408,0.0048088874816894535,0.009284358583942012,0.015816548912602285,2,-0.1283340598991429,0.21689377443143731,-0.0688090140273565,1.178,-0.01781981166286195,0.31334751104246045,0.26842632711446324,0.7619312500000005,-0.04154538118215943,0,1,-0.16804529976670055,0.14007969205168433,-6.332,0.07841473907422945,-0.10154342060882598,-96.18182373046875,0.18246945053597444,-0.12069151801213926,6.332,-0.10405471146174498,0.019148097403313274,-102.51382373046876
35,377678.833,-0.211881778751218,0.040212125665514936,0.87,-0.10475466170469945,0.04795713043212891,-0.0610606575012207,0.009284358583942012,0.015816548912602285,2,-0.1283340598991429,0.22116613733516,-0.02439557675291265,1.13,-0.02357939819444345,0.1335880996876252,0.22695148925516434,0.6455384615384613,-0.05016210526328113,0,1,-0.20488073426769604,0.08022707479470806,-6.001999999999988,0.0701140258556493,-0.11469475259437419,-95.94125366210939,0.21214642643706128,-0.05836430890681833,6.001999999999988,-0.14203240058141198,-0.05633044368755585,-101.94325366210937
36,377743.743,-0.20655082152253207,0.008891496532349375,0.922,-0.09655161422032628,0.06557177734375,-0.10008918762207031,0.009284358583942012,0.015816548912602285,2,-0.1283340598991429,0.21583518010647407,0.00692505238025291,1.0779999999999998,-0.03178244567881662,0.07876391770886086,0.17474721676212562,0.5780249999999998,-0.07023423076181586,0,1,-0.20823199972488066,0.03311899787992209,-5.531999999999998,0.0812709650027927,-0.13271491957771336,-95.37649536132814,0.21045488860182146,-0.012890833704144376,5.531999999999998,-0.12918392359902875,-0.11982408587356899,-100.90849536132815
37,377808.868,-0.2026918511987144,-0.015373056726671417,0.969,-0.09110618695410384,0.060637317657470706,-0.11146505737304688,0.009284358583942012,0.015816548912602285,2,-0.1283340598991429,0.2119762097826564,0.031189605639273702,1.0310000000000001,-0.037227872945039056,0.08612575763638439,0.14048588577047916,0.5828882352941194,-0.061251816766608624,0,1,-0.2032435227050585,0.0011053999272017155,-5.219999999999991,0.11681551046599715,-0.1354668946633576,-95.06930541992188,0.2025011805990618,0.017390321634370185,5.219999999999991,-0.08568567013306465,-0.15285721629772778,-100.28930541992187
38,377873.992,-0.19709687849959018,-0.03920841022287341,1.02,-0.08923868465447,0.1092513427734375,-0.09447714233398438,0.009284358583942012,0.015816548912602285,2,-0.1283340598991429,0.20638123708353218,0.0550249591354757,0.98,-0.039095375244672895,0.07210743687996479,0.15993111010219335,0.5006666666666659,-0.04798824333816736,0,1,-0.19601167152288448,-0.02230805851585217,-5.112999999999997,0.14780807662153284,-0.09634687737926668,-94.72479248046876,0.19324361503373907,0.03968790869564562,5.112999999999997,-0.04543553841220624,-0.13603478607491232,-99.83779248046875
39,377939.178,-0.18791896954066337,-0.06189586869778836,1.069,-0.0863414380961592,0.16098715209960937,-0.044370819091796875,0.009284358583942012,0.015816548912602285,2,-0.1283340598991429,0.1972033281246054,0.07771241761039065,0.931,-0.0419926218029837,0.04918215428346617,0.16101944674704505,0.4809538461538467,-0.05536452899518742,0,1,-0.18667073029194883,-0.04311117578208429,-4.946999999999984,0.16086161479320715,-0.03763229974884555,-93.91204833984376,0.18225770405967176,0.05904798333508418,4.946999999999984,-0.021396089266464607,-0.09668028308392973,-98.85904833984375
40,378004.394,-0.17625605807308542,-0.08117791168329926,1.123,-0.08180358204097411,0.17260842895507814,0.017850074768066406,0.009284358583942012,0.015816548912602285,2,-0.1283340598991429,0.18554041665702742,0.09699446059590154,0.877,-0.04653047785816879,0.034455650990623844,0.14490744522550522,0.4315999999999998,-0.06597843238039058,0,1,-0.17635198747151204,-0.06170261327382646,-4.686999999999993,0.1537405090043839,0.013319331169402258,-94.14028930664064,0.17072039085742705,0.0759064168266364,4.686999999999993,-0.01697988185304314,-0.06258708565723414,-98.82728930664064
41,378069.519,-0.15864395038682866,-0.09415488873341146,1.172,-0.07784168463894711,0.2527950439453125,0.07404539489746094,0.009284358583942012,0.015816548912602285,2,-0.1283340598991429,0.16792830897077066,0.10997143764601375,0.8280000000000001,-0.05049237526019579,-0.013880888216041123,0.1270800357680747,0.3901777777777783,-0.06935855336508627,0,1,-0.15905605070710796,-0.07763515836849154,-4.460000000000001,0.14274518243959192,0.04150835419901872,-94.02740478515622,0.15253725724702955,0.08976875978310268,4.460000000000001,-0.009792074807437628,-0.04826040558408396,-98.48740478515623
42,378134.674,-0.1413992493226429,-0.10075292523097598,1.221,-0.07504915783575603,0.2558324890136719,0.12397020721435546,0.009284358583942012,0.015816548912602285,2,-0.1283340598991429,0.15068360790658492,0.11656947414357827,0.7789999999999999,-0.053284902063386874,-0.01751427870001536,0.09381262590482885,0.35935384615384536,-0.0661734873088842,0,1,-0.14099741031334062,-0.08724152326112153,-4.299999999999992,0.13634079287303222,0.05965353919450391,-93.89108276367186,0.13405926308949576,0.09756775633317954,4.299999999999992,0.0022815297835364623,-0.037914217138675634,-98.19108276367183
43,378199.951,-0.1232940780551071,-0.10065481289654585,1.27,-0.07297221602588273,0.26761813354492187,0.1745909423828125,0.009284358583942012,0.015816548912602285,2,-0.1283340598991429,0.1325784366390491,0.11647136180914813,0.73,-0.055361843873260166,-0.03272343704981186,0.05769912907565927,0.3160312500000004,-0.06509750860704122,0,1,-0.12273555393544242,-0.09048400354674636,-4.180999999999989,0.11868758603620014,0.06316716072331759,-94.21685791015625,0.11581195904814705,0.09919153814271565,4.180999999999989,0.00287562698805309,-0.03602437741939807,-98.39785791015623
44,378265.045,-0.10609797846563655,-0.09406014849382198,1.316,-0.07105235384868898,0.2584884338378906,0.21042951965332032,0.009284358583942012,0.015816548912602285,2,-0.1283340598991429,0.11538233704957856,0.10987669740642426,0.6839999999999999,-0.05728170605045392,-0.036350001105127774,0.01887377775081598,0.2956374999999998,-0.06628106000604964,0,1,-0.10508458438558886,-0.0879198950654726,-4.07099999999999,0.10174024002540964,0.046861755101057,-94.31701660156253,0.09857777888176361,0.09515828568524014,4.07099999999999,0.003162461143646031,-0.04829653058418314,-98.38801660156251
45,378330.23,-0.08752654018202027,-0.08171000592933596,1.356,-0.06949901081441408,0.27646551513671874,0.2302022247314453,0.009284358583942012,0.015816548912602285,2,-0.1283340598991429,0.09681089876596229,0.09752655484193824,0.6439999999999999,-0.05883504908472882,-0.05159460291341419,-0.017737490233955606,0.2998153846153845,-0.06600432462753605,0,1,-0.08662393844360597,-0.08006052270426808,-3.981999999999993,0.07537373365753111,0.014249685972134498,-94.23342895507812,0.08085517196337784,0.08588268261957623,3.981999999999993,-0.005481438305846728,-0.07163299664744173,-98.21542895507814
46,378395.324,-0.07089191281897443,-0.06441424464096175,1.394,-0.06824237375297822,0.23926231384277344,0.22881642150878906,0.009284358583942012,0.015816548912602285,2,-0.1283340598991429,0.08017627140291644,0.08023079355356404,0.6060000000000001,-0.06009168614616468,-0.045531269843630665,-0.048906903972202855,0.28921176470588345,-0.06563567318191113,0,1,-0.0705549114711695,-0.0676000773792032,-3.909999999999996,0.04483149214142493,-0.039600203882776075,-94.15817260742186,0.06578107738726209,0.07225382932516353,3.909999999999996,-0.020949585245837163,-0.1118540332079396,-98.06817260742187
47,378460.632,-0.056712610405323556,-0.04523327017633062,1.432,-0.06831218692305792,0.2160190124511719,0.23568942260742187,0.009284358583942012,0.015816548912602285,2,-0.1283340598991429,0.06599696898926558,0.06104981908893291,0.5680000000000001,-0.06002187297608498,-0.04577541780342759,-0.07603605970348426,0.2432888888888888,-0.05968942930903878,0,1,-0.05545273084065926,-0.04972020334925974,-3.913999999999992,0.030602967933269998,-0.05748680303628406,-94.12463378906251,0.05192953975706876,0.05338938920232519,3.913999999999992,-0.02132657182379876,-0.11087619223860926,-98.0386337890625
48,378525.756,-0.04334837455038229,-0.022008020003523393,1.462,-0.06770132168485994,0.19851461791992187,0.23744534301757814,0.009284358583942012,0.015816548912602285,2,-0.1283340598991429,0.0526327331343243,0.03782456891612568,0.538,-0.06063273821428296,-0.04564490342098316,-0.10614675493397607,0.2688615384615384,-0.06345211623673516,0,1,-0.04242864998106394,-0.030343862870281797,-3.8789999999999947,0.0013580330361426384,-0.12072715744678614,-95.32897949218751,0.04027870125229706,0.03314463121735263,3.8789999999999947,-0.03892066821615442,-0.15387178866413875,-99.2079794921875
49,378591.003,-0.031913661937215426,0.0030498539720293354,1.49,-0.06723008278682137,0.1732169647216797,0.23953001403808594,0.009284358583942012,0.015816548912602285,2,-0.1283340598991429,0.04119802052115744,0.01276669494057295,0.51,-0.06110397711232153,-0.04003961723348798,-0.12649931755158403,0.2595151515151514,-0.06324597210340595,0,1,-0.030746757054734702,-0.006857138444501493,-3.8519999999999883,-0.020350928531446683,-0.15938829624212886,-94.80471801757812,0.030216638553507133,0.008907197738719229,3.8519999999999883,-0.050567567084953816,-0.1682954939808481,-98.6567180175781
50,378655.975,-0.0215328004655424,0.029824014665376142,1.52,-0.067369709126981,0.15994081115722655,0.22509359741210938,0.009284358583942012,0.015816548912602285,2,-0.1283340598991429,0.030817159049484413,-0.014007465752773857,0.48,-0.060964350772161904,-0.041361756648469646,-0.15342492416812725,0.21993749999999987,-0.060309852302663655,0,1,-0.020266918327832083,0.017305877636345373,-3.8599999999999928,-0.04221359713199338,-0.21995674534731463,-95.35714721679685,0.02138595342345839,-0.01590227579439004,3.8599999999999928,-0.06359955055545177,-0.20405446955292458,-99.21714721679683
51,378721.374,-0.014498981058458739,0.05797912263237771,1.546,-0.06791076119509927,0.11391984558105468,0.20867019653320312,0.009284358583942012,0.015816548912602285,2,-0.1283340598991429,0.02378333964240075,-0.04216257371977542,0.45399999999999996,-0.06042329870404363,-0.025982742370788573,-0.1726857143745115,0.22319999999999984,-0.05792613531272851,0,1,-0.013018877844835255,0.04319254063753336,-3.8909999999999947,-0.056821983964996686,-0.2846503859390393,-94.51165771484375,0.015919852897737043,-0.04220953720165771,3.8909999999999947,-0.07274183686273372,-0.2424408487373816,-98.40265771484374
52,378786.346,-0.008732544592510688,0.08605919245764218,1.57,-0.06824237375297822,0.10558493041992187,0.18234478759765624,0.009284358583942012,0.015816548912602285,2,-0.1283340598991429,0.0180169031764527,-0.0702426435450399,0.42999999999999994,-0.06009168614616468,-0.022041590920724687,-0.18632169775471324,0.21476923076923066,-0.05856116664826185,0,1,-0.00665130044743365,0.06962976469898899,-3.909999999999996,-0.06376885166662527,-0.3418688713561466,-94.94140625000001,0.011383831989215191,-0.06901414564362819,3.909999999999996,-0.07515268365584046,-0.2728547257125184,-98.85140625
53,378851.593,-0.004600000790774858,0.11360066418223629,1.587,-0.06777113485493964,0.0874429931640625,0.13978392028808595,0.009284358583942012,0.015816548912602285,2,-0.1283340598991429,0.013884359374716871,-0.097784115269634,0.41300000000000003,-0.060562925044203256,-0.01530997924506526,-0.19719228999801602,0.238861538461539,-0.06273787380438128,0,1,-0.0022811282964065923,0.09495891721588993,-3.8829999999999902,-0.07147221939861219,-0.4127110304068896,-95.61791992187501,0.008706440212627519,-0.09458645465362811,3.8829999999999902,-0.08017865961123971,-0.3181245757532615,-99.50091992187501
54,378916.656,-0.003174435147178589,0.1376104331202307,1.61,-0.06698573669154224,0.056972728729248044,0.08924976348876953,0.009284358583942012,0.015816548912602285,2,-0.1283340598991429,0.0124587937311206,-0.1217938842076284,0.3899999999999999,-0.061348323207600655,-0.001001733210652664,-0.18268562512262637,0.19533333333333264,-0.06476309783106761,0,1,-0.0004076093416152026,0.1192797796209823,-3.837999999999993,-0.07071571936825385,-0.4392949411204102,-95.64596557617189,0.008390765105017092,-0.11898498658552642,3.837999999999993,-0.07910648447327094,-0.32030995453488376,-99.48396557617188
55,378981.842,-0.0034932512468202285,0.15942199081872885,1.613,-0.06628760499074467,0.03442849349975586,0.049732948303222654,0.009284358583942012,0.015816548912602285,2,-0.1283340598991429,0.01277760983076224,-0.14360544190612656,0.387,-0.06204645490839823,0.008218077618242989,-0.19695100282969205,0.2923868852459023,-0.06547988950248468,0,1,-0.0006624226217775383,0.14076489433701564,-3.798000000000002,-0.07071571936825385,-0.4779560799157529,-95.24481201171876,0.009985103559106118,-0.14041186555400134,3.798000000000002,-0.08070082292735997,-0.3375442143617515,-99.04281201171877
56,379047.058,-0.004298013866192024,0.17691837228856214,1.624,-0.0658861792627858,0.028355087280273437,-0.015894192695617676,0.009284358583942012,0.015816548912602285,2,-0.1283340598991429,0.013582372450134036,-0.16110182337595985,0.3759999999999999,-0.0624478806363571,0.010758325898026576,-0.16680067949701727,0.2465746478873233,-0.06414404568407064,0,1,-0.001677251463466051,0.15823949080574262,-3.774999999999992,-0.07071571936825385,-0.5073385454002134,-95.04232788085935,0.012091866366941597,-0.1577857293632616,3.774999999999992,-0.08280758573519545,-0.34955281603695176,-98.81732788085935
57,379112.152,-0.007076291105061277,0.1902012003856067,1.63,-0.06490879488166897,0.0021524319648742675,-0.07521306610107421,0.009284358583942012,0.015816548912602285,2,-0.1283340598991429,0.01636064968900329,-0.17438465147300442,0.3700000000000001,-0.06342526501747393,0.024386942071238957,-0.16467548963592882,0.26100000000000134,-0.06831218692305809,0,1,-0.004484957547847775,0.17190559971834468,-3.7189999999999914,-0.06376885166662527,-0.5258958920219778,-96.3470458984375,0.01562586473503937,-0.17125268584758604,3.7189999999999914,-0.07939471640166464,-0.3546432061743918,-100.06604589843748
58,379177.307,-0.011057449500801928,0.19669033742370018,1.641,-0.0637219709903129,-0.016737668991088868,-0.1572464599609375,0.009284358583942012,0.015816548912602285,2,-0.1283340598991429,0.02034180808474394,-0.1808737885110979,0.359,-0.06461208890883,0.03066216049103708,-0.1238368643045595,0.23058235294117588,-0.06984807666481262,0,1,-0.008869753430243234,0.1798125560224707,-3.6509999999999962,-0.056442121340148255,-0.5180667312391141,-96.78518676757811,0.020302009616051504,-0.17888280027659795,3.6509999999999962,-0.07674413095619975,-0.3391839309625161,-100.43618676757809
59,379242.645,-0.014404336804771416,0.19965007702945212,1.658,-0.0623431608812372,-0.013528422355651855,-0.22529376220703126,0.009284358583942012,0.015816548912602285,2,-0.1283340598991429,0.02368869538871343,-0.18383352811684983,0.3420000000000001,-0.0659908990179057,0.03073806634579737,-0.10862497151025037,0.1776322580645167,-0.07266256083601393,0,1,-0.01291394381299991,0.1817586680229033,-3.571999999999986,-0.04537961691689288,-0.5569217360820475,-95.45806884765626,0.024212926890364445,-0.1806009898025677,3.571999999999986,-0.06959254380725732,-0.37632074627947987,-99.03006884765625
60,379307.647,-0.017912019802277506,0.19656072420270854,1.673,-0.06122615015996086,-0.025092845916748048,-0.30170144653320313,0.009284358583942012,0.015816548912602285,2,-0.1283340598991429,0.02719637838621952,-0.18074417529010625,0.32699999999999996,-0.06710790973918204,0.032199538422308716,-0.07398915598807959,0.1820545454545448,-0.07218523119952906,0,1,-0.017327066005950582,0.17967994534233742,-3.507999999999987,-0.038181657611590966,-0.547307689037037,-95.89279174804688,0.028288839069609363,-0.17828306582144496,3.507999999999987,-0.06647049668120034,-0.36902462321559204,-99.40079174804687
61,379372.802,-0.02232544098576277,0.187374353663187,1.679,-0.06054547175168318,-0.05222454452514649,-0.36872216796875,0.009284358583942012,0.015816548912602285,2,-0.1283340598991429,0.03160979956970478,-0.1715578047505847,0.32099999999999995,-0.06778858814745972,0.03956947538823455,-0.03631383023940716,0.22449230769230766,-0.07093018080104901,0,1,-0.02289122156774861,0.17223833955146842,-3.4689999999999936,-0.03098369830628911,-0.516863206727837,-95.06469726562499,0.03327115904305351,-0.17053763107373845,3.4689999999999936,-0.06425485734934261,-0.3463255756540986,-98.53369726562498
62,379437.957,-0.025442467309419917,0.17320294951572027,1.698,-0.05974262029576588,-0.04681848907470703,-0.4270369567871094,0.009284358583942012,0.015816548912602285,2,-0.1283340598991429,0.03472682589336193,-0.15738640060311798,0.30200000000000005,-0.06859143960337702,0.034409650654181015,-0.001193333870100316,0.13769375000000056,-0.07235480580298935,0,1,-0.02716357853307025,0.15914624875393554,-3.422999999999999,-0.021944675946559977,-0.4937081897942728,-94.55972290039065,0.0366172761588671,-0.1572404641874256,3.422999999999999,-0.05856195210542707,-0.3364677256068472,-97.98272290039064
63,379503.112,-0.02720925637764355,0.15517581844946504,1.702,-0.059271381397727314,-0.04176296615600586,-0.4537662353515625,0.009284358583942012,0.015816548912602285,2,-0.1283340598991429,0.03649361496158556,-0.13935926953686276,0.29800000000000004,-0.06906267850141559,0.02761614344864538,0.025918787552619046,0.21718787878787882,-0.07120467349250001,0,1,-0.0300279019128621,0.14317207323263623,-3.3959999999999932,-0.014453776436972526,-0.44201405505322294,-94.9609375,0.03845621062910001,-0.14114190487261433,3.3959999999999932,-0.05290998706607254,-0.30087215018060864,-98.35693749999999
64,379568.359,-0.02815029192118951,0.13199259081941975,1.714,-0.05907939518000799,-0.044314472198486325,-0.48674758911132815,0.009284358583942012,0.015816548912602285,2,-0.1283340598991429,0.03743465050513152,-0.11617604190681746,0.28600000000000003,-0.06925466471913491,0.023784439717813226,0.06674474320837362,0.16418461538461537,-0.07014075495476255,0,1,-0.03208058752296804,0.12295796502429761,-3.3849999999999962,-0.008490075477220655,-0.3614361128335001,-94.99905395507811,0.03928467426518382,-0.120849243384531,3.3849999999999962,-0.047774749742404476,-0.24058686944896907,-98.38405395507812
65,379633.392,-0.0259126303638893,0.10674461786249276,1.719,-0.05843362335676999,-0.00930538272857666,-0.5021354675292968,0.009284358583942012,0.015816548912602285,2,-0.1283340598991429,0.03519698894783131,-0.09092806894989047,0.2809999999999999,-0.0699004365423729,0.005549547626914538,0.09048658913927698,0.19828484848484781,-0.07283576301163652,0,1,-0.030746142124541603,0.09861192647039638,-3.347999999999991,0.0014643850209007968,-0.32195025823530077,-95.25210571289062,0.03645263942602168,-0.09664803348553877,3.347999999999991,-0.034988254405120885,-0.225302224749762,-98.60010571289061
66,379698.516,-0.022865493059397397,0.07954709397520279,1.724,-0.05862560957448942,-0.012308506011962891,-0.5060722045898437,0.009284358583942012,0.015816548912602285,2,-0.1283340598991429,0.03214985164333941,-0.06373054506260051,0.276,-0.06970845032465348,-0.00008413564154492736,0.11236402081038893,0.19387692307692367,-0.06882236008902533,0,1,-0.028702117375008065,0.07311197518197239,-3.358999999999994,0.005209834775694473,-0.2602508070927574,-94.78872680664064,0.0329365867191269,-0.07130465421072821,3.358999999999994,-0.027726751943432427,-0.18894615288202918,-98.14772680664063
67,379764.007,-0.01888268189785777,0.05214800322914402,1.732,-0.05820673055401088,-0.01250246524810791,-0.4874749755859375,0.009284358583942012,0.015816548912602285,2,-0.1283340598991429,0.02816704048179978,-0.036331454316541736,0.268,-0.07012732934513202,-0.007697478298769949,0.13167305035923804,0.17065,-0.07209082475362522,0,1,-0.025601702126968107,0.04715343036668118,-3.3349999999999995,0.007846021241753915,-0.2028504055298727,-94.62738037109376,0.028301442243507325,-0.04558422439924665,3.3349999999999995,-0.02045542100175341,-0.15726618113062607,-97.96238037109377
68,379828.918,-0.01440029740252792,0.022955926271083088,1.74,-0.057700585070932287,-0.018644521713256836,-0.4803271179199219,0.009284358583942012,0.015816548912602285,2,-0.1283340598991429,0.023684655986469932,-0.007139377358480803,0.26,-0.07063347482821061,-0.011573113400279167,0.14892623572854058,0.16620895522388057,-0.07289979788677146,0,1,-0.021986377443349487,0.020252733636276943,-3.305999999999986,0.007846021241753915,-0.12141048375905669,-94.99752807617189,0.02311773358449906,-0.01895110568646417,3.305999999999986,-0.015271712342745146,-0.10245937807259252,-98.30352807617187
69,379894.226,-0.007654264482785937,-0.005744773291936464,1.753,-0.057421332390613374,0.001010463833808899,-0.44544204711914065,0.009284358583942012,0.015816548912602285,2,-0.1283340598991429,0.01693862306672795,0.021561322204538748,0.2470000000000001,-0.07091272750852953,-0.028423055996474992,0.16773761183753255,0.12650625000000065,-0.07222172444752448,0,1,-0.01604557906248454,-0.006694674190306671,-3.289999999999996,0.003954101384817417,-0.05036714774621728,-95.3472900390625,0.015634927616761263,0.007604492644709204,3.289999999999996,-0.011680826231943846,-0.05797164039092649,-98.63729003906249
70,379959.259,0.00034117489256509613,-0.033007353116004695,1.766,-0.056705747397295565,0.01279730224609375,-0.40006027221679685,0.009284358583942012,0.015816548912602285,2,-0.1283340598991429,0.008943183691376916,0.04882390202860698,0.23399999999999999,-0.07162831250184734,-0.03284045857261636,0.1516373235266219,0.12653333333333278,-0.07449065247511857,0,1,-0.008333141928529747,-0.032420463062797875,-3.2489999999999886,0.006185548151025268,0.017135129672880237,-95.04269409179688,0.006482306244108029,0.03284063619001404,3.2489999999999886,-0.0002967580930827614,-0.015705506517133802,-98.29169409179687
71,380024.505,0.009360287700628765,-0.0574769577992326,1.785,-0.05567600313861893,0.01678102684020996,-0.3329948425292969,0.009284358583942012,0.015816548912602285,2,-0.1283340598991429,-0.0000759291166867529,0.07329350671183488,0.21500000000000008,-0.07265805676052398,-0.05743231879147581,0.19236241952191313,0.05109090909090977,-0.07827484362603289,0,1,0.00019993827037903446,-0.0552347316050711,-3.1899999999999897,-0.002994988608280569,0.08616622328095008,-95.15093994140628,-0.0032732890157280464,0.05513801891449961,3.1899999999999897,0.00027830040744747766,0.03102820436645047,-98.34093994140628
72,380089.63,0.019350532631318848,-0.07879549825034254,1.8,-0.055379297165779995,0.020651777267456053,-0.2637982482910156,0.009284358583942012,0.015816548912602285,2,-0.1283340598991429,-0.010066174047376836,0.09461204716294483,0.19999999999999996,-0.0729547627333629,-0.05882671357355809,0.16209816447206443,0.07923076923076855,-0.07432417491569643,0,1,0.009756296490412299,-0.07511287147803096,-3.1729999999999956,-0.015235704287354981,0.14793088598290707,-96.04895019531253,-0.013898911833952709,0.07445769962009327,3.1729999999999956,-0.0013367924534022722,0.0734731863628138,-99.22195019531252
73,380154.602,0.030568585060942715,-0.0971873704364253,1.811,-0.05534439058074009,0.03569557189941406,-0.20668788146972655,0.009284358583942012,0.015816548912602285,2,-0.1283340598991429,-0.021284226477000703,0.11300391934902758,0.18900000000000006,-0.07298966931840281,-0.0692438796619086,0.15257890393016993,0.09373731343283642,-0.07314596746037254,0,1,0.020963897250003333,-0.09268528530355138,-3.1709999999999945,-0.023396181406737958,0.19334607914611096,-96.17422485351561,-0.026058791583581535,0.0913837320364674,3.1709999999999945,0.0026626101768435773,0.10196234710964357,-99.34522485351562
74,380219.787,0.039836770539901346,-0.11172753596314006,1.825,-0.05405284693426432,0.0037150192260742188,-0.14268804931640625,0.009284358583942012,0.015816548912602285,2,-0.1283340598991429,-0.030552411955959334,0.12754408487574234,0.17500000000000004,-0.07428121296487858,-0.06298010182556085,0.13861112970772654,0.06794117647058823,-0.07997919964050697,0,1,0.030289676979965624,-0.10669904235374258,-3.0969999999999964,-0.03301913725607928,0.22514237484016014,-96.00506591796876,-0.03601001789806771,0.10490676232606388,3.0969999999999964,0.002990880641988429,0.12023561251409626,-99.10206591796877
75,380285.125,0.04982322765882738,-0.12278210265793556,1.838,-0.05384340742402499,0.010335930824279785,-0.0828541259765625,0.009284358583942012,0.015816548912602285,2,-0.1283340598991429,-0.04053886907488537,0.13859865157053786,0.16199999999999992,-0.07449065247511791,-0.07574975186480953,0.13071358520079956,0.05737777777777704,-0.07548798347625757,0,1,0.040226404827149606,-0.11728030476591443,-3.084999999999996,-0.04858681668382517,0.2528666035280974,-96.55575561523438,-0.04647982894535992,0.11494546112184498,3.084999999999996,-0.002106987738465245,0.13792114240625244,-99.64075561523437
76,380350.158,0.05992205444507812,-0.12972998329952704,1.847,-0.05407030022678422,0.01381356906890869,-0.013380651473999023,0.009284358583942012,0.015816548912602285,2,-0.1283340598991429,-0.05063769586113611,0.14554653221212932,0.15300000000000002,-0.07426375967235868,-0.08142344118751663,0.111372603003795,0.0724000000000006,-0.0731833177544576,0,1,0.050694790229279356,-0.12372241402147957,-3.097999999999994,-0.06215844772380702,0.278726642292934,-95.6200866699219,-0.05730715158305699,0.12080185373217403,3.097999999999994,-0.004851296140750028,0.15792478856075995,-98.71808666992189
77,380415.313,0.06900616304787588,-0.1329274134347058,1.855,-0.05372123437638526,0.0014355391263961791,0.03816754913330078,0.009284358583942012,0.015816548912602285,2,-0.1283340598991429,-0.05972180446393387,0.14874396234730808,0.14500000000000002,-0.07461282552275764,-0.07661734356989655,0.0908293421635447,0.07482352941176469,-0.07615282192157656,0,1,0.06015513221638484,-0.12719437081709123,-3.0779999999999883,-0.07439916340288143,0.278726642292934,-95.55535888671878,-0.06689810252773656,0.12378082152625623,3.0779999999999883,-0.007501060875144863,0.15494582076667773,-98.63335888671877
78,380480.499,0.07764575884160578,-0.13252462270112367,1.863,-0.05342452840354634,0.0008155636787414551,0.08398664093017578,0.009284358583942012,0.015816548912602285,2,-0.1283340598991429,-0.06836140025766377,0.14834117161372595,0.137,-0.07490953149559657,-0.08217845453844244,0.0719328595091845,0.06515555555555554,-0.07632241708054384,0,1,0.0693611019321714,-0.12733930099797736,-3.060999999999995,-0.08357970016218733,0.2678269959337653,-95.40069580078128,-0.07606194731026823,0.12345379788110418,3.060999999999995,-0.007517752851919093,0.14437319805266113,-98.46169580078127
79,380545.684,0.08336638723999924,-0.12844434224561113,1.869,-0.05359906132874565,-0.037633079528808594,0.13167047119140626,0.009284358583942012,0.015816548912602285,2,-0.1283340598991429,-0.07408202865605723,0.14426089115821342,0.131,-0.07473499857039725,-0.06832570088174286,0.04981641183802253,0.07198749999999998,-0.07391687548352549,0,1,0.07560920554450705,-0.12362514380029764,-3.070999999999988,-0.0917401772815703,0.25511074184806815,-96.24578857421878,-0.08212364366952855,0.11939696517565297,3.070999999999988,-0.009616533612041747,0.1357137766724152,-99.31678857421876
80,380610.87,0.08863510393245787,-0.12087504061944837,1.873,-0.05405284693426433,-0.03482426071166992,0.16961581420898436,0.009284358583942012,0.015816548912602285,2,-0.1283340598991429,-0.07935074534851586,0.13669158953205066,0.127,-0.07428121296487858,-0.0676155369524476,0.02820555886970766,0.08038787878787879,-0.07221855112161188,0,1,0.08165389697262503,-0.11702848321669398,-3.096999999999997,-0.09582041584126173,0.22241180277056138,-96.21392822265626,-0.08785728431708681,0.11244608649145002,3.096999999999997,-0.007963131524174924,0.10996571627911136,-99.31092822265624
81,380676.025,0.09106735421122328,-0.10971472607299658,1.87,-0.054960418145301344,-0.07068479919433594,0.20974937438964844,0.009284358583942012,0.015816548912602285,2,-0.1283340598991429,-0.08178299562728127,0.12553127498559885,0.1299999999999999,-0.07337364175384156,-0.05398823008391592,0.002671636088828172,0.1201538461538455,-0.06918485154905533,0,1,0.08468513504668748,-0.1066575812903437,-3.1489999999999947,-0.10500095260056763,0.1878962559665264,-95.7923583984375,-0.09041625983227988,0.10184454674907056,3.1489999999999947,-0.01458469276828775,0.08605170921745584,-98.9413583984375
82,380741.18,0.09104516078314859,-0.09676358726771865,1.872,-0.05504768460790105,-0.09284551239013672,0.22209458923339845,0.009284358583942012,0.015816548912602285,2,-0.1283340598991429,-0.08176080219920658,0.11258013618032094,0.1279999999999999,-0.07328637529124185,-0.04076089802535495,-0.013446833169028304,0.09163076923076914,-0.0728836070023201,0,1,0.08570035063187299,-0.09459075950509614,-3.1539999999999937,-0.09582041584126173,0.14793088598290707,-97.26000976562499,-0.09077490972088455,0.08973225533408914,3.1539999999999937,-0.005045506120377186,0.05819863064881793,-100.41400976562497
83,380806.488,0.08821988845550893,-0.08138319681044476,1.87,-0.055152404363020546,-0.12134165191650391,0.24712889099121094,0.009284358583942012,0.015816548912602285,2,-0.1283340598991429,-0.07893552987156692,0.09719974572304704,0.1299999999999999,-0.07318165553612235,-0.02610499041316347,-0.024145217139096245,0.1134594594594594,-0.0727571159883406,0,1,0.08387443765373459,-0.07986820335406915,-3.159999999999985,-0.08913242741914208,0.10955816766732122,-96.83267211914064,-0.08814959651542072,0.07512323098020798,3.159999999999985,-0.0009828309037213656,0.03443493668711324,-99.99267211914062
84,380871.49,0.08287986340109725,-0.06498028282146635,1.867,-0.05494296485278133,-0.14550706481933592,0.2481482391357422,0.009284358583942012,0.015816548912602285,2,-0.1283340598991429,-0.07359550481715524,0.08079683173406864,0.133,-0.07339109504636157,-0.0051196376790167974,-0.05690700610148163,0.12419661016949221,-0.07445604170859488,0,1,0.07944610276680315,-0.06433040185497951,-3.147999999999991,-0.08063716149486135,0.06227978709229357,-96.55905151367189,-0.082858944778456,0.05987051960570727,3.147999999999991,0.0022217832835946527,0.0024092674865862987,-99.70705151367189
85,380936.889,0.07607300795895092,-0.047089778003591126,1.862,-0.05445427266222296,-0.15070762634277343,0.2580655517578125,0.009284358583942012,0.015816548912602285,2,-0.1283340598991429,-0.0667886493750089,0.06290632691619341,0.1379999999999999,-0.07387978723691993,0.004421538879975179,-0.06793852997454344,0.13817777777777712,-0.07620689290624545,0,1,0.07379263294263115,-0.04725012994555082,-3.119999999999993,-0.06258472140576483,0.015001406517266029,-97.19958496093751,-0.07625495257190046,0.043163754062112605,3.119999999999993,0.013670231166135624,-0.028162347544846575,-100.31958496093752
86,381001.922,0.06621640158630546,-0.028545307703564816,1.861,-0.052656583532668715,-0.1808292541503906,0.2578182373046875,0.009284358583942012,0.015816548912602285,2,-0.1283340598991429,-0.056932043002363444,0.0443618566161671,0.139,-0.07567747636647418,0.02302371328129456,-0.07469317027414342,0.11642388059701553,-0.0837268306779111,0,1,0.06497108465406368,-0.02927123523947124,-3.0169999999999884,-0.044817433845118264,-0.028280063490323564,-97.34368896484374,-0.06642164335529781,0.025811089623485377,3.0169999999999884,0.021604209510179544,-0.05409115311380894,-100.36068896484372
87,381067.047,0.05546479930104637,-0.009547291279777027,1.878,-0.0517315590291118,-0.17455419921875,0.2523331604003906,0.009284358583942012,0.015816548912602285,2,-0.1283340598991429,-0.04618044071710436,0.025363840192379312,0.12200000000000011,-0.07660250087003109,0.037604308671136205,-0.0945649468122898,0.0016322580645167506,-0.08107842588724197,0,1,0.05548097507118148,-0.011133934504968156,-2.9639999999999924,-0.017984575303291037,-0.07955535463278905,-96.94497680664064,-0.05598247272791427,0.00825020240226362,2.9639999999999924,0.03799789742462323,-0.08780555703505268,-99.90897680664062
88,381132.08,0.0433350061783316,0.008785437893791673,1.887,-0.05133013330115304,-0.18201980590820313,0.23480223083496093,0.009284358583942012,0.015816548912602285,2,-0.1283340598991429,-0.03405064759438959,0.007031111018810612,0.11299999999999999,-0.07700392659798985,0.04729933670205019,-0.0937034628352772,0.04267272727272664,-0.0788285889978024,0,1,0.0441557969523802,0.006712714483574885,-2.940999999999989,-0.0009940434547296144,-0.1211603295388134,-97.8997802734375,-0.04375322602064013,-0.008969400928969803,2.940999999999989,0.04275918256591051,-0.11219092860984359,-100.84078027343747
89,381197.204,0.02952848690416474,0.027611269971367196,1.887,-0.05094616086571429,-0.19551362609863282,0.2347100830078125,0.009284358583942012,0.015816548912602285,2,-0.1283340598991429,-0.020244128320222727,-0.01179472105876491,0.11299999999999999,-0.0773878990334286,0.06422073193155635,-0.10726722556248142,0.0904,-0.07916007950468437,0,1,0.03112075920067469,0.02508092322340913,-2.9189999999999894,0.017058396634366944,-0.16276530444483764,-97.35452270507815,-0.029803156720570195,-0.026633178789886372,2.9189999999999894,0.046861553354937135,-0.13613212565495125,-100.27352270507814
90,381262.359,0.016116599321251424,0.0440732484343784,1.889,-0.04975933697435813,-0.1731237335205078,0.19264381408691406,0.009284358583942012,0.015816548912602285,2,-0.1283340598991429,-0.006832240737309411,-0.02825669952177611,0.11099999999999999,-0.07857472292478476,0.06880173584703236,-0.10276977225402528,0.07803076923076921,-0.08405237165412088,0,1,0.018655894097121963,0.041025272520244196,-2.8509999999999884,0.04360610264774424,-0.20247914412786072,-97.96624755859375,-0.016592254890301517,-0.04190241577258523,2.8509999999999884,0.060198357538045755,-0.16057672835527548,-100.81724755859375
91,381327.697,0.0022615500830200043,0.05919949669853117,1.911,-0.04872959271568172,-0.16542709350585938,0.16901577758789063,0.009284358583942012,0.015816548912602285,2,-0.1283340598991429,0.007022808500922008,-0.04338294778592888,0.08899999999999997,-0.07960446718346118,0.07698515021077913,-0.1019064268089261,-0.04546666666666678,-0.0842851229047176,1428397223900,1,0.005662219667148496,0.05587556349922118,-2.792000000000002,0.07015380866112149,-0.23273730769587841,-97.65109252929689,-0.0029337823185003843,-0.056085044791122314,2.792000000000002,0.07308759097962188,-0.1766522629047561,-100.4430925292969
92,381392.761,-0.010824605238238891,0.07360839268188543,1.917,-0.049113565151120246,-0.1376332244873047,0.1429153289794922,0.009284358583942012,0.015816548912602285,2,-0.1283340598991429,0.020108963822180904,-0.05779184376928315,0.08299999999999996,-0.07922049474802265,0.08051839517940759,-0.10648228487193376,0.034092307692307644,-0.0774483142767679,1428397223900,1,-0.006439009703988281,0.06916281923748942,-2.8139999999999894,0.10369357406963638,-0.28488023886924346,-97.23693847656253,0.009826712547201473,-0.06876330512242967,2.8139999999999894,0.0938668615224349,-0.2161169337468138,-100.05093847656252
93,381457.885,-0.024363133153232595,0.08548782645633267,1.926,-0.050597095015315556,-0.13370364379882813,0.10753856658935547,0.009284358583942012,0.015816548912602285,2,-0.1283340598991429,0.03364749173717461,-0.06967127754373038,0.07400000000000007,-0.07773696488382734,0.08972351156470723,-0.0988018206342734,0.010738461538462162,-0.07088990397215668,1428397223900,1,-0.01937546795699088,0.08120658711399012,-2.8989999999999965,0.1274968536500164,-0.2970359052779159,-97.14364624023435,0.023457736496829966,-0.08012273801923982,2.8989999999999965,0.10403911715318642,-0.2169131672586761,-100.04264624023433
94,381523.01,-0.03838658192369418,0.09514377772096594,1.928,-0.051679199151551884,-0.13249461364746093,0.07000421142578125,0.009284358583942012,0.015816548912602285,2,-0.1283340598991429,0.04767094050763619,-0.07932722880836365,0.07200000000000006,-0.07665486074759101,0.09934634824861124,-0.09165719813682251,0.04683076923076927,-0.0716605339649618,1428397223900,1,-0.032948770067416894,0.09059553348175112,-2.960999999999988,0.14979692670125327,-0.3216206631769302,-98.67489624023436,0.03758460193670668,-0.08877257365345391,2.960999999999988,0.1122123247645466,-0.2328480895234763,-101.63589624023435
95,381588.195,-0.0508426480995436,0.1012528734586671,1.944,-0.053930673886624585,-0.10402777862548829,0.01631568717956543,0.009284358583942012,0.015816548912602285,2,-0.1283340598991429,0.06012700668348561,-0.08543632454606481,0.05600000000000005,-0.07440338601251831,0.09713462890400891,-0.07561329316834633,-0.04135384615384618,-0.06401196415833661,1428397223900,1,-0.04525632109751975,0.09658828333067228,-3.0899999999999888,0.16784936679034984,-0.3329674745149368,-96.64950561523438,0.050397069109173936,-0.09400833208419976,3.0899999999999888,0.1174522976811759,-0.23895914243073704,-99.73950561523436
96,381653.381,-0.0622729200413194,0.10539797417000711,1.966,-0.055326937288220183,-0.08127052307128907,-0.017833675384521484,-0.0508426480995436,0.1012528734586671,1.944,-0.053930673886624585,0.011430271941775802,-0.0041451007113400135,-0.02200000000000002,0.0013962634015955988,0.005715135970887901,-0.0020725503556700067,-0.017600000000000015,0.0013962634015955988,1428397223900,1,-0.05631689338716103,0.10035774698100898,-3.1699999999999964,0.1917168743823653,-0.35234625505138123,-98.52563476562497,0.06178037484489095,-0.09708993327791428,3.1699999999999964,0.12993649953747433,-0.25525632177346697,-101.69563476562497
97,381718.475,-0.0741247414433596,0.10807230959841642,1.967,-0.05454153912482267,-0.08847312927246094,-0.03986478424072266,-0.0508426480995436,0.1012528734586671,1.944,-0.053930673886624585,0.023282093343816007,-0.006819436139749321,-0.02300000000000013,0.0006108652381980884,0.07645569496431537,-0.018034989943988063,-0.02386875000000072,-0.003070688652727742,1428397224291,1,-0.0683090683035075,0.10307055183701987,-3.124999999999993,0.20174484530406858,-0.3582991388321582,-98.93804931640626,0.07382633104728444,-0.09919344893982573,3.124999999999993,0.12791851425678413,-0.25910568989233246,-102.06304931640625
98,381783.691,-0.08619741216884487,0.10741086807268138,1.962,-0.05354670145118595,-0.09668021392822265,-0.0733326416015625,-0.0508426480995436,0.1012528734586671,1.944,-0.053930673886624585,0.03535476406930127,-0.006157994614014284,-0.018000000000000016,-0.00038397243543863285,0.08268407055649435,0.00042864714764836,0.012115151515152113,-0.0049059618610600925,1428397224356,1,-0.08082701749834033,0.10354210154918006,-3.0679999999999956,0.20396126746362625,-0.3277637575480452,-97.92147827148436,0.08625285845989572,-0.09906774428841572,3.0679999999999956,0.11770840900373053,-0.2286960132596295,-100.98947827148436
99,381848.907,-0.09253360365386461,0.10220534706112824,1.956,-0.05225515780471007,-0.09072756958007812,-0.08305770111083985,-0.0508426480995436,0.1012528734586671,1.944,-0.053930673886624585,0.04169095555432101,-0.0009524736024611458,-0.01200000000000001,-0.0016755160819145118,0.054446493228022745,0.02755349172251709,0.022707692307692318,-0.007636486757957029,1428397224422,0,0,0,0,0,0,0
100,381913.909,-0.09753268248386422,0.09724930780381316,1.94,-0.051190506960993525,-0.07100091552734375,-0.07815574645996094,-0.0508426480995436,0.1012528734586671,1.944,-0.053930673886624585,0.04669003438432062,0.0040035656548539356,0.0040000000000000036,-0.00274016692563106,0.050683729543720704,0.029105122515868814,0.09070000000000009,-0.00773071775555238,1428397224486,0,0,0,0,0,0,0
101,381979.125,-0.10194723194317849,0.0920890058432268,1.918,-0.050701814770435276,-0.062170852661132814,-0.08069139862060547,-0.0508426480995436,0.1012528734586671,1.944,-0.053930673886624585,0.05110458384363489,0.009163867615440302,0.026000000000000023,-0.0032288591161893088,0.050077566695785614,0.033250278033199965,0.14302222222222236,-0.005555964785514302,1428397224549,0,0,0,0,0,0,0
102,382044.342,-0.10668180606086945,0.08797718517189662,1.899,-0.0500734962397173,-0.06780153656005859,-0.06519728088378907,-0.0508426480995436,0.1012528734586671,1.944,-0.053930673886624585,0.05583915796132585,0.013275688286770476,0.04499999999999993,-0.003857177646907288,0.05302716899872104,0.028442953764075553,0.1367575757575752,-0.006713170968352648,1428397224615,0,0,0,0,0,0,0
103,382109.436,-0.11176212371979971,0.08379732075334205,1.88,-0.050579641722795436,-0.07297105407714843,-0.06643362426757812,-0.0508426480995436,0.1012528734586671,1.944,-0.053930673886624585,0.06091947562025611,0.017455552705325048,0.06400000000000006,-0.0033510321638291485,0.05781529443513714,0.031234738606417907,0.15350769230769304,-0.0010149760880838895,1428397224680,0,0,0,0,0,0,0
104,382174.713,-0.11699942753603615,0.07888433569361403,1.868,-0.0510508806208339,-0.07473322296142579,-0.07757234954833984,-0.0508426480995436,0.1012528734586671,1.944,-0.053930673886624585,0.06615677943649255,0.02236853776505307,0.07599999999999985,-0.0028797932657906866,0.060035100537110295,0.03647169198406783,0.12256470588235172,-0.000800798127385708,1428397224748,0,0,0,0,0,0,0
105,382239.776,-0.11983925184155164,0.075021147468835,1.861,-0.05222025121967016,-0.03958486557006836,-0.06004601669311523,-0.0508426480995436,0.1012528734586671,1.944,-0.053930673886624585,0.06899660374200804,0.026231725989832103,0.08299999999999996,-0.0017104226669544254,0.050275103568312315,0.034578019799244006,0.10528888888888951,0.0038580087560753902,1428397224811,0,0,0,0,0,0,0
106,382304.931,-0.12190443052252449,0.07214229272456867,1.863,-0.053040555968107576,-0.02868145942687988,-0.04474088287353516,-0.0508426480995436,0.1012528734586671,1.944,-0.053930673886624585,0.07106178242298089,0.029110580734098432,0.08099999999999996,-0.0008901179185170083,0.04665108410903655,0.03005681591309868,0.05403076923076919,0.0028959039973479933,1428397224876,0,0,0,0,0,0,0
107,382370.269,-0.12229823583765956,0.07036831817257817,1.87,-0.053633967913785545,-0.004488045215606689,-0.026885364532470705,-0.0508426480995436,0.1012528734586671,1.944,-0.053930673886624585,0.07145558773811596,0.030884555286088924,0.07399999999999984,-0.00029670597283903977,0.03781615538871364,0.024849718449054647,0.022078787878787143,0.002400621052969908,1428397224942,0,0,0,0,0,0,0
108,382435.272,-0.12182154629971616,0.069751242193304,1.875,-0.053145275723227296,0.0076362667083740236,-0.008859512329101562,-0.0508426480995436,0.1012528734586671,1.944,-0.053930673886624585,0.07097889820017256,0.031501631265363095,0.06899999999999995,-0.0007853981633972884,0.032922659280391044,0.01907353244415785,0.02827692307692362,-0.003040900581358436,1428397225007,0,0,0,0,0,0,0
109,382500.427,-0.11949465437959604,0.07066214536773631,1.884,-0.052743849995268426,0.03412828826904297,0.015498332977294922,-0.0508426480995436,0.1012528734586671,1.944,-0.053930673886624585,0.06865200628005244,0.030590728090930788,0.06000000000000005,-0.001186823891356159,0.02179658510861021,0.010390500798522205,-0.000461538461537854,-0.0030395580203971,1428397225072,0,0,0,0,0,0,0
110,382565.521,-0.1161831027493965,0.07328561728431097,1.89,-0.05190609195431122,0.04752957916259765,0.041916099548339844,-0.0508426480995436,0.1012528734586671,1.944,-0.053930673886624585,0.0653404546498529,0.027967256174356123,0.05400000000000005,-0.002024581932313363,0.014838795470005845,-0.00014275915591629128,0.010892307692307715,-0.0058911575059619956,1428397225137,0,0,0,0,0,0,0
111,382630.706,-0.11221413532382715,0.07733506054004215,1.905,-0.051504666226352566,0.05630288314819336,0.0637486572265625,-0.0508426480995436,0.1012528734586671,1.944,-0.053930673886624585,0.06137148722428355,0.02391781291862495,0.038999999999999924,-0.0024260076602720185,0.009314380551383755,-0.009845787994624603,-0.04956923076923149,-0.004278741789311967,1428397225202,0,0,0,0,0,0,0
112,382695.922,-0.10745035075620549,0.08155841588315349,1.913,-0.05026548245743649,0.06810061645507813,0.06694505310058593,-0.0508426480995436,0.1012528734586671,1.944,-0.053930673886624585,0.05660770265666189,0.019694457575513608,0.030999999999999917,-0.003665191429188093,0.0026527036565219785,-0.012893915367458115,-0.018276923076923177,-0.009384501131877668,1428397225267,0,0,0,0,0,0,0
113,382761.016,-0.10233420597051038,0.08686576778091783,1.917,-0.04893903222592093,0.07264527893066407,0.08336558532714844,-0.0508426480995436,0.1012528734586671,1.944,-0.053930673886624585,0.05149155787096678,0.01438710567774927,0.026999999999999913,-0.0049916416607036565,-0.0018026929874902717,-0.021384495841394867,0.00006153846153837683,-0.01111371965231395,1428397225332,0,0,0,0,0,0,0
114,382826.141,-0.09746465312704149,0.09291349019582136,1.927,-0.046338491640449384,0.06851806640625,0.09418046569824219,-0.0508426480995436,0.1012528734586671,1.944,-0.053930673886624585,0.04662200502749789,0.008339383262845737,0.016999999999999904,-0.007592182246175201,-0.0025123837773739603,-0.02790156359912617,-0.03943030303030314,-0.019412821271045856,1428397225398,0,0,0,0,0,0,0
115,382891.571,-0.09156193483270388,0.0992433089441719,1.937,-0.04288273972150062,0.08404759216308594,0.09894673919677735,-0.0508426480995436,0.1012528734586671,1.944,-0.053930673886624585,0.040719286733160276,0.002009564514495202,0.006999999999999895,-0.011047934165123965,-0.01142422437216084,-0.03307885715694759,-0.048246153846153966,-0.026997558406425953,1428397225463,0,0,0,0,0,0,0
116,382956.512,-0.0855907803297122,0.10570964834383945,1.939,-0.039671333897830875,0.08532683563232422,0.10074563598632813,-0.0508426480995436,0.1012528734586671,1.944,-0.053930673886624585,0.034748132230168594,-0.004456774885172349,0.004999999999999893,-0.01425933998879371,-0.014778304285640143,-0.03704713805618068,-0.006769230769230862,-0.029081213021115604,1428397225528,0,0,0,0,0,0,0
117,383021.667,-0.07937091508188461,0.1126392569358278,1.937,-0.037419859162758286,0.08910205078125,0.10756262969970704,-0.0508426480995436,0.1012528734586671,1.944,-0.053930673886624585,0.02852826698234101,-0.0113863834771607,0.006999999999999895,-0.0165108147238663,-0.019227448612516476,-0.043006468772363776,0.016369230769230695,-0.02690223657804748,1428397225593,0,0,0,0,0,0,0
118,383086.883,-0.07276915313779782,0.11899425492716939,1.929,-0.03413864016900884,0.0953908920288086,0.09896292877197266,-0.0508426480995436,0.1012528734586671,1.944,-0.053930673886624585,0.021926505038254218,-0.017741381468502293,0.014999999999999902,-0.019792033717615745,-0.024584696410570997,-0.04308991068762895,0.05507692307692303,-0.03493612138107473,1428397225658,0,0,0,0,0,0,0
119,383152.008,-0.0662536293015644,0.12528603920477274,1.921,-0.030473448739820753,0.09445464324951172,0.0976575927734375,-0.0508426480995436,0.1012528734586671,1.944,-0.053930673886624585,0.015410981202020807,-0.024033165746105645,0.02299999999999991,-0.02345722514680383,-0.027378099286400268,-0.04589542129091702,0.06147692307692304,-0.04037349328151807,1428397225723,0,0,0,0,0,0,0
120,383217.224,-0.06009489935127694,0.12986111236001655,1.916,-0.027366762671270837,0.09024710845947266,0.07140896606445313,-0.0508426480995436,0.1012528734586671,1.944,-0.053930673886624585,0.009252251251733339,-0.028608238901349448,0.028000000000000025,-0.026563911215353748,-0.028033805928688083,-0.03856587103151307,0.04891515151515215,-0.04068521152694428,1428397225789,0,0,0,0,0,0,0
121,383282.379,-0.05329400744333023,0.1336150031497118,1.915,-0.024155356847601426,0.10043439483642579,0.05907870483398438,-0.0508426480995436,0.1012528734586671,1.944,-0.053930673886624585,0.0024513593437866313,-0.03236212969104471,0.028999999999999915,-0.02977531703902316,-0.035394507524742796,-0.036394322943881466,0.028584615384614723,-0.044597190071343516,1428397225854,0,0,0,0,0,0,0
122,383347.381,-0.046480577702547626,0.13565624748633912,1.919,-0.021118483949131215,0.10143209838867187,0.03307820510864258,-0.0508426480995436,0.1012528734586671,1.944,-0.053930673886624585,-0.004362070396995973,-0.03440337402767202,0.02499999999999991,-0.032812189937493366,-0.03831285958143604,-0.028026467586859605,-0.0012121212121212963,-0.04661615765781249,1428397225920,0,0,0,0,0,0,0
123,383413.33,-0.04057387943152152,0.13709681397459345,1.918,-0.017296212887263716,0.0881244125366211,0.023474647521972657,-0.0508426480995436,0.1012528734586671,1.944,-0.053930673886624585,-0.01026876866802208,-0.03584394051592635,0.026000000000000023,-0.036634460999360866,-0.036457784256119175,-0.025561337998705833,0.026103030303030916,-0.05400842037148586,1428397225986,0,0,0,0,0,0,0
124,383477.905,-0.03573962730461886,0.1363899208178575,1.916,-0.01411971364863399,0.07268632507324219,-0.009347660064697266,-0.0508426480995436,0.1012528734586671,1.944,-0.053930673886624585,-0.015103020794924739,-0.035137047359190404,0.028000000000000025,-0.03981096023799059,-0.03358209877309207,-0.013762175912555505,0.0331692307692308,-0.05447172595474317,1428397226051,0,0,0,0,0,0,0
125,383543.06,-0.03084560146094252,0.1347713143816882,1.92,-0.01078613477732496,0.0737458724975586,-0.023240177154541016,-0.0508426480995436,0.1012528734586671,1.944,-0.053930673886624585,-0.01999704663860108,-0.033518440923021114,0.02400000000000002,-0.04314453910929962,-0.036762727151905525,-0.007907466513709754,-0.0026750000000000003,-0.05877069006856069,1428397226115,0,0,0,0,0,0,0
126,383608.001,-0.027539427609274945,0.13191943991206156,1.924,-0.007609635538695122,0.05005112457275391,-0.04224072647094727,0,0,undefined,undefined,0.027539427609274945,-0.13191943991206156,0,0,0.013769713804637472,-0.06595971995603078,0,0,0,0,0,0,0,0,0,0
127,383673.156,-0.025261349704035096,0.1280107279869851,1.924,-0.0023038346126323128,0.0346163330078125,-0.058368953704833984,0,0,undefined,undefined,0.025261349704035096,-0.1280107279869851,0,0,0.0005499586878668396,-0.04327734620899612,0,0,0,0,0,0,0,0,0,0
128,383738.403,-0.023298903846132077,0.12366199109621381,1.92,0.007225663103256646,0.029586891174316406,-0.0651630630493164,0,0,undefined,undefined,0.023298903846132077,-0.12366199109621381,0,0,0.001082435765126703,-0.038414719982415385,0,0,0,0,0,0,0,0,0,0
129,383803.497,-0.023591698382087783,0.11858638940475622,1.914,0.016982053621905052,-0.004941917419433593,-0.07610030364990235,0,0,undefined,undefined,0.023591698382087783,-0.11858638940475622,0,0,0.013372435153882308,-0.031963031748375656,0,0,0,0,0,0,0,0,0,0
130,383868.621,-0.024295101024153092,0.11324976168636308,1.909,0.02551671366415728,-0.011908856391906739,-0.07985870361328125,0,0,undefined,undefined,0.024295101024153092,-0.11324976168636308,0,0,0.01593510320012052,-0.02788919312875698,0,0,0,0,0,0,0,0,0,0
131,383934.204,-0.025445749018386317,0.10679990440616177,1.907,0.03228859116189528,-0.019722520828247072,-0.0962760009765625,0,0,undefined,undefined,0.025445749018386317,-0.10679990440616177,0,0,0.018733722240262242,-0.01970666790352181,0,0,0,0,0,0,0,0,0,0
132,383998.962,-0.02657858000543565,0.09933767550935776,1.906,0.03855432317655491,-0.020597152709960938,-0.11132652282714844,0,0,undefined,undefined,0.02657858000543565,-0.09933767550935776,0,0,0.019582795486325227,-0.008212010550212173,0,0,1428397226570,0,0,0,0,0,0,0
133,384064.147,-0.027507231308605395,0.09046306340893683,1.904,0.043127085816780125,-0.019050466537475587,-0.13248333740234375,0,0,undefined,undefined,0.027507231308605395,-0.09046306340893683,0,0,0.018678281655960437,0.0018308051917032275,0,0,1428397226570,0,0,0,0,0,0,0
134,384129.241,-0.02864439194653943,0.08031867733495363,1.9,0.04721115626644665,-0.02360198211669922,-0.15128889465332032,0,0,undefined,undefined,0.02864439194653943,-0.08031867733495363,0,0,0.020445368639068356,0.01446427865397118,0,0,1428397226570,0,0,0,0,0,0,0
135,384194.427,-0.027761808390436744,0.06954701721581372,1.9,0.05005604294719754,0.0055986976623535155,-0.1620196533203125,0,0,undefined,undefined,0.027761808390436744,-0.06954701721581372,0,0,0.009200536852249594,0.022348931417835075,0,0,1428397226570,0,0,0,0,0,0,0
136,384259.643,-0.027554133839713744,0.0574453061650731,1.903,0.05167919915155225,-0.005971446037292481,-0.18145416259765626,0,0,undefined,undefined,0.027554133839713744,-0.0574453061650731,0,0,0.012641346720590467,0.037458579226201175,0,0,1428397226570,0,0,0,0,0,0,0
137,384324.737,-0.026619116879467896,0.04452701282033962,1.908,0.052255157804710434,0.003996880769729615,-0.19424018859863282,0,0,undefined,undefined,0.026619116879467896,-0.04452701282033962,0,0,0.008274851730717842,0.047296534676856634,0,0,1428397226896,0,0,0,0,0,0,0
138,384389.862,-0.02509588708707222,0.030581670446544036,1.896,0.05141739976375301,0.011891491889953613,-0.2100880126953125,0,0,undefined,undefined,0.02509588708707222,-0.030581670446544036,0,0,0.004345936969097866,0.05979946986639652,0,0,1428397226961,0,0,0,0,0,0,0
139,384455.2,-0.02465721743341317,0.017672787923059645,1.874,0.047734755042045135,-0.003380382537841797,-0.19371551513671875,0,0,undefined,undefined,0.02465721743341317,-0.017672787923059645,0,0,0.010002330250332817,0.059619801238766174,0,0,1428397227027,0,0,0,0,0,0,0
140,384520.172,-0.025182027883032254,0.005040885587065785,1.835,0.04555309347705214,-0.01690446662902832,-0.18888706970214844,0,0,undefined,undefined,0.025182027883032254,-0.005040885587065785,0,0,0.015416916362541971,0.06549749286181865,0,0,1428397227092,0,0,0,0,0,0,0
141,384585.51,-0.027085000021940222,-0.007603468581062234,1.799,0.0444535360482958,-0.03715182495117188,-0.18816871643066407,0,0,undefined,undefined,0.027085000021940222,0.007603468581062234,0,0,0.023789273066628397,0.0718867182727589,0,0,1428397227157,0,0,0,0,0,0,0
142,384650.512,-0.028314880357474183,-0.01963070931509211,1.756,0.04426154983057626,-0.026447139739990234,-0.1794105682373047,0,0,undefined,undefined,0.028314880357474183,0.01963070931509211,0,0,0.020779872754689187,0.07457742014847614,0,0,1428397227222,0,0,0,0,0,0,0
143,384715.698,-0.029680183581973836,-0.031265543947004086,1.715,0.04591961261997098,-0.02818160629272461,-0.1734454345703125,0,0,undefined,undefined,0.029680183581973836,0.031265543947004086,0,0,0.022080336163333564,0.07733265259727767,0,0,1428397227288,0,0,0,0,0,0,0
144,384780.944,-0.030950985856432932,-0.042368638826243865,1.664,0.0484154334503228,-0.026687000274658205,-0.165495849609375,0,0,undefined,undefined,0.030950985856432932,0.042368638826243865,0,0,0.022318274406073136,0.08097021491672074,0,0,1428397227353,0,0,0,0,0,0,0
145,384845.947,-0.03212325542229569,-0.05192602504755741,1.612,0.05256931707006936,-0.024501602172851564,-0.142341796875,0,0,undefined,undefined,0.03212325542229569,0.05192602504755741,0,0,0.02247247689945979,0.07822996842158715,0,0,1428397227417,0,0,0,0,0,0,0
146,384911.071,-0.032845555681162576,-0.06017705013801333,1.563,0.057403879098093594,-0.01732280158996582,-0.12302510070800782,0,0,undefined,undefined,0.032845555681162576,0.06017705013801333,0,0,0.02031208692678761,0.07451712170992317,0,0,1428397227482,0,0,0,0,0,0,0
147,384976.44,-0.03173080385592962,-0.06639699049676251,1.513,0.06293657282691563,0.01134094524383545,-0.09410476684570312,0,0,undefined,undefined,0.03173080385592962,0.06639699049676251,0,0,0.009953839218396106,0.06618302745386931,0,0,1428397227548,0,0,0,0,0,0,0
148,385041.381,-0.027385991544064847,-0.07010444607491516,1.463,0.06782349473249989,0.004643167495727539,-0.06366105270385743,0,0,undefined,undefined,0.027385991544064847,0.07010444607491516,0,0,-0.009347675578765615,0.05471297231553981,0,0,1428397227614,1,-0.03115494127758281,-0.07061318923295981,3.8860000000000143,0.08598314040486674,0.04876322775361588,-97.71142578125001,0.035868874310986,0.06833942284890994,-3.8860000000000143,0.050114266093880734,-0.019576195095294062,-93.82542578125
149,385106.628,-0.022616614010830503,-0.07116515090721016,1.416,0.07215191127744565,0.0072467756271362305,-0.018452030181884765,0,0,undefined,undefined,0.022616614010830503,0.07116515090721016,0,0,-0.013983846579918389,0.04120752532183618,0,0,1428397227680,1,-0.02682061579381002,-0.07129901151622489,4.134000000000004,0.07245156854549033,0.054304441673140684,-97.21887207031249,0.03189073098825762,0.0691800242250935,-4.134000000000004,0.04056083755723271,-0.014875582551952822,-93.08487207031247
150,385171.569,-0.018425363642220003,-0.07029878849287753,1.366,0.07539822368615519,0.010592397689819335,0.01181393814086914,0,0,undefined,undefined,0.018425363642220003,0.07029878849287753,0,0,-0.013708218632228672,0.030411474793057176,0,0,1428397227744,1,-0.02196906872080558,-0.07032869762732195,4.320000000000009,0.07245156854549033,0.054304441673140684,-97.21887207031249,0.027204288534594417,0.0684740270156597,-4.320000000000009,0.04524728001089591,-0.014169585342519019,-92.89887207031246
151,385236.907,-0.014681556068530964,-0.06588491024217336,1.319,0.0792903079181025,0.003570601463317871,0.04414848327636719,0,0,undefined,undefined,0.014681556068530964,0.06588491024217336,0,0,-0.012818185824060111,0.009175418386525733,0,0,1428397227809,1,-0.018409704121265413,-0.06734598749060543,4.543000000000006,0.05729702617523164,0.029422320926386848,-96.65194702148439,0.023686154539484867,0.06567621578660694,-4.543000000000006,0.033610871635746775,-0.0362538948602201,-92.1089470214844
152,385302.093,-0.011204010803655191,-0.06109036224165884,1.274,0.08365363104808828,0.008183422088623047,0.054003883361816406,0,0,undefined,undefined,0.011204010803655191,0.06109036224165884,0,0,-0.012297124637974173,0.005867360529945891,0,0,1428397227877,1,-0.014422875269183327,-0.062252750327590395,4.793000000000004,0.053715962039279676,0.028212251619978125,-95.94030761718751,0.019574036471700664,0.06082993794657576,-4.793000000000004,0.034141925567579015,-0.03261768632659764,-91.14730761718751
153,385367.156,-0.007511400870943619,-0.053892930154057335,1.226,0.08691739674931782,0.020900531768798827,0.08870521545410157,0,0,undefined,undefined,0.007511400870943619,0.053892930154057335,0,0,-0.017089678216932226,-0.013684199933624994,0,0,1428397227939,1,-0.010309638637745677,-0.055080936451575184,4.980000000000013,0.04806640095662996,0.02066634260209202,-96.79364013671874,0.015052186301277378,0.05397805013869063,-4.980000000000013,0.03301421465535258,-0.03331170753659861,-91.81364013671872
154,385432.373,-0.0038777325481418956,-0.04394827650577049,1.178,0.089011791851711,0.021050167083740235,0.12916717529296876,0,0,undefined,undefined,0.0038777325481418956,0.04394827650577049,0,0,-0.01704298317340074,-0.029975544984434097,0,0,1428397228006,1,-0.006860870215139642,-0.04519247015926109,5.10000000000001,0.028834628810286915,0.01124767486219831,-96.17529296875003,0.010851061337197869,0.04440366389230807,-5.10000000000001,0.017983567473089046,-0.03315598903010976,-91.07529296875
155,385497.68,-0.0015258024002718354,-0.03192066578322122,1.132,0.08930849782455004,0.013042940139770507,0.15952565002441407,0,0,undefined,undefined,0.0015258024002718354,0.03192066578322122,0,0,-0.012099216796028472,-0.04981566324733071,0,0,1428397228070,1,-0.003957040314686992,-0.03327804041220656,5.1170000000000115,0.021877574331015785,-0.002894172966668576,-96.3363037109375,0.006909332685465416,0.032792487913698626,-5.1170000000000115,0.014968241645550369,-0.035686660880367205,-91.21930371093751
156,385562.622,-0.000797367374462839,-0.01716707751618148,1.082,0.08799950088555425,0.005911654472351075,0.20305758666992188,0,0,undefined,undefined,0.000797367374462839,0.01716707751618148,0,0,-0.0035236587594324065,-0.07085885960289245,0,0,1428397228135,1,-0.0023406408027507476,-0.018402293133325066,5.042000000000009,0.02079273593443649,-0.01667798616096005,-96.72888183593747,0.0039488871390025515,0.01812537674907048,-5.042000000000009,0.01684384879543394,-0.03480336291003053,-91.68688183593746
157,385627.777,-0.0017900601025978946,0.0003058305147601041,1.033,0.08545132017764251,-0.005992305278778076,0.2516310119628906,0,0,undefined,undefined,0.0017900601025978946,-0.0003058305147601041,0,0,0.006240298587410785,-0.09423780465475778,0,0,1428397228200,1,-0.0026696309344759715,-0.0004916977316757505,4.896000000000008,0.015146400071125173,-0.027485357464863126,-96.36849975585938,0.0027018552429905985,0.00026205768748567494,-4.896000000000008,0.012444544828134573,-0.0277474151523488,-91.47249975585937
158,385692.932,-0.0040719839688298535,0.019070460360207233,0.982,0.08152432936065529,-0.010118903160095215,0.2763511657714844,0,0,undefined,undefined,0.0040719839688298535,-0.019070460360207233,0,0,0.014323274341048553,-0.11057554473251123,0,0,1428397228265,1,-0.004034581813938641,0.018604444492517344,4.671000000000009,0.014827245554677803,-0.041934002274480214,-96.54913330078125,0.0025061465368796778,-0.018871206501551756,-4.671000000000009,0.012321099017798126,-0.023062795772928458,-91.87813330078123
159,385758.087,-0.0071649123199446305,0.03978589783628855,0.931,0.07689920684287027,-0.007178289413452148,0.3105239562988281,0,0,undefined,undefined,0.0071649123199446305,-0.03978589783628855,0,0,0.020236685742898036,-0.13143761225088985,0,0,1428397228330,1,-0.006234762183220933,0.0396643314132209,4.406000000000007,0.01344946695381297,-0.05758566084912503,-97.06918334960939,0.0031691863322110938,-0.04002608779197475,-4.406000000000007,0.010280280621601877,-0.01755957305715028,-92.66318334960938
160,385823.364,-0.013215599581898095,0.062431799774061984,0.881,0.0717155789644471,-0.040215824127197264,0.34968014526367186,0,0,undefined,undefined,0.013215599581898095,-0.062431799774061984,0,0,0.037299691699408645,-0.1460864169626933,0,0,1428397228399,1,-0.011628952724193491,0.06282304597551311,4.109000000000005,0.008448500243873454,-0.07340374840643252,-97.64697265625003,0.007097530821379473,-0.06349482422483371,-4.109000000000005,0.0013509694224939812,-0.009908924181598805,-93.53797265625002
161,385888.427,-0.022853829026963625,0.08773161280657478,0.831,0.06703809656910227,-0.07914916229248047,0.3976640319824219,0,0,undefined,undefined,0.022853829026963625,-0.08773161280657478,0,0,0.06253873732822325,-0.1780314815757037,0,0,1428397228465,1,-0.020378264863305715,0.08849649902539804,3.841000000000004,0.008928421913755247,-0.09747827196692209,-97.89013671874999,0.014404296768802238,-0.0896628142163048,-3.841000000000004,-0.00547587485504699,-0.007815457750617288,-94.04913671874999
162,385953.704,-0.03442379032620205,0.1154884387487883,0.783,0.06213372137099833,-0.09014455413818359,0.4431586608886719,0,0,undefined,undefined,0.03442379032620205,-0.1154884387487883,0,0,0.08359691901119033,-0.21700469609201264,0,0,0,1,-0.030829051445588087,0.11680658872290711,3.5600000000000116,0.013940067209579127,-0.12111771762756052,-98.38653564453126,0.02351660214021558,-0.11849548095136749,-3.5600000000000116,-0.009576534930636453,-0.002622236676193032,-94.82653564453125
163,386018.951,-0.049014628175057015,0.14470471787529923,0.733,0.057194439587854376,-0.11784620666503906,0.4726501770019531,0,0,undefined,undefined,0.049014628175057015,-0.14470471787529923,0,0,0.10430095857345412,-0.23212888541075627,0,0,0,1,-0.04422161855036523,0.14644981215469663,3.2770000000000117,0.022122412620358033,-0.15085104400926394,-99.05184936523435,0.035777760281678395,-0.14873819582268266,-3.2770000000000117,-0.013655347661320361,-0.0021128481865812787,-95.77484936523435
164,386083.984,-0.06439059217698555,0.17198050594087141,0.683,0.0529183829204682,-0.11516765594482421,0.4556528930664063,0,0,undefined,undefined,0.06439059217698555,-0.17198050594087141,0,0,0.11251749609856718,-0.22847571301446945,0,0,0,1,-0.05841635781921384,0.17459301591001525,3.0320000000000076,0.03436373798123264,-0.16807709594689982,-99.09954833984372,0.049099715117271854,-0.1774384683230218,-3.0320000000000076,-0.014735977136039212,0.009361372376121974,-96.06754833984373
165,386149.078,-0.07317030620149786,0.20166067540086483,0.632,0.04845034003536271,-0.10796295166015625,0.45154519653320313,0,0,undefined,undefined,0.07317030620149786,-0.20166067540086483,0,0,0.08459921417230065,-0.2631437644347714,0,0,0,0,0,0,0,0,0,0
166,386214.019,-0.0806849458040703,0.2296833241341689,0.585,0.043755404347497875,-0.09222968292236328,0.4253056335449219,0,0,undefined,undefined,0.0806849458040703,-0.2296833241341689,0,0,0.08143815822860317,-0.26809052232734104,0,0,0,0,0,0,0,0,0,0
167,386279.327,-0.0853912056662605,0.25890435716828913,0.535,0.039566614142711634,-0.051353778839111325,0.44098385620117186,0,0,undefined,undefined,0.0853912056662605,-0.25890435716828913,0,0,0.06691899918263863,-0.2798545544950576,0,0,0,0,0,0,0,0,0,0
168,386344.573,-0.0862115937071636,0.2833503809440097,0.481,0.035622170033204524,0.002208721160888672,0.36689013671875,0,0,undefined,undefined,0.0862115937071636,-0.2833503809440097,0,0,0.047663508191932304,-0.27748643367045256,0,0,0,0,0,0,0,0,0,0
169,386409.515,-0.08502207958610832,0.3036883033274514,0.429,0.03260275042725432,0.028696308135986327,0.3042398376464844,0,0,undefined,undefined,0.08502207958610832,-0.3036883033274514,0,0,0.03610596375660265,-0.26135604142071933,0,0,0,0,0,0,0,0,0,0
170,386474.609,-0.08177210053594586,0.3196065514136391,0.379,0.03064798166502066,0.056507080078125,0.2370577392578125,0,0,undefined,undefined,0.08177210053594586,-0.3196065514136391,0,0,0.023386163074790467,-0.24551691924783017,0,0,0,0,0,0,0,0,0,0
171,386540.191,-0.08374661306655723,0.3217018406247831,0.332,0.028361600344907943,-0.028640684127807618,0.03232215881347656,0,0,undefined,undefined,0.08374661306655723,-0.3217018406247831,0,0,0.05250529708272446,-0.1721332468339361,0,0,0,0,0,0,0,0,0,0
172,386605.499,-0.08513072880443003,0.3181758749967347,0.285,0.02663372438543373,-0.02225321578979492,-0.05227945709228515,0,0,undefined,undefined,0.08513072880443003,-0.3181758749967347,0,0,0.05013474734370686,-0.13980531296997792,0,0,0,0,0,0,0,0,0,0
173,386670.318,-0.08627097255067039,0.3092374547319449,0.249,0.024015730507442178,-0.020668119430541993,-0.13357327270507813,0,0,undefined,undefined,0.08627097255067039,-0.3092374547319449,0,0,0.04909198345718782,-0.107925487176772,0,0,0,0,0,0,0,0,0,0
174,386735.656,-0.08754873418536753,0.2960388346424296,0.209,0.022532200643246864,-0.02391505813598633,-0.1974619598388672,0,0,undefined,undefined,0.08754873418536753,-0.2960388346424296,0,0,0.050550375761532255,-0.07802673502833046,0,0,0,0,0,0,0,0,0,0
175,386800.628,-0.08894228191342522,0.27828392436075405,0.171,0.022392574303087456,-0.026898260116577147,-0.2657850952148437,0,0,undefined,undefined,0.08894228191342522,-0.27828392436075405,0,0,0.05233794264736087,-0.03891262994511195,0,0,0,0,0,0,0,0,0,0
176,386865.722,-0.09099125435018662,0.25642883803904687,0.146,0.0219736952826088,-0.03806714248657227,-0.3270559387207031,0,0,undefined,undefined,0.09099125435018662,-0.25642883803904687,0,0,0.056199214531309584,-0.01404605763747098,0,0,0,0,0,0,0,0,0,0
177,386930.938,-0.09316124515745318,0.2322426319255648,0.095,0.02441715623540082,-0.04051326751708984,-0.3619903259277344,0,0,undefined,undefined,0.09316124515745318,-0.2322426319255648,0,0,0.05826518846400804,0.014112101571351829,0,0,0,0,0,0,0,0,0,0
178,386996.093,-0.09422417218527114,0.20744387532634145,0.043,0.028832839242946506,-0.025020977020263672,-0.371481201171875,0,0,undefined,undefined,0.09422417218527114,-0.20744387532634145,0,0,0.052503744929393345,0.022068856680715787,0,0,0,0,0,0,0,0,0,0
179,387061.37,-0.09444223066747394,0.1826734339712338,-0.008,0.03420845333908891,-0.01398106575012207,-0.3713078918457031,0,0,undefined,undefined,0.09444223066747394,-0.1826734339712338,0,0,0.04845209063649471,0.04849641969644236,0,0,0,0,0,0,0,0,0,0
180,387126.434,-0.09187281981506171,0.1516280959569359,0,0.0689230521612561,0.02259152603149414,-0.4667257995605469,0,0,undefined,undefined,0.09187281981506171,-0.1516280959569359,0,0,0.03210112070223422,0.09135315671390533,0,0,0,0,0,0,0,0,0,0
