n,time,state.x,state.y,state.z,state.yaw,state.vx,state.vy,goal.x,goal.y,goal.z,goal.yaw,error.ex,error.ey,error.ez,error.eyaw,control.ux,control.uy,control.uz,control.uyaw,last_OK,ekf.s.x,ekf.s.y,ekf.s.yaw
0,38567.596,0,0,0.687,0,-0.10089133453369141,-0.35908596801757814,-0.25857264507899613,-0.11508911729998264,0.687,1.422862219395857,-0.25857264507899613,-0.11508911729998264,0,1.422862219395857,-0.12928632253949807,-0.05754455864999132,0,1.422862219395857,0,0,0,0,0,0,0,0
1,38632.69,-0.008728477986653644,-0.022616361490885417,0.686,0.008656833089891958,-0.13092716979980468,-0.33924542236328126,-0.25857264507899613,-0.11508911729998264,0.687,1.422862219395857,-0.2498441670923425,-0.09247275580909722,0.0010000000000000009,1.4142053863059652,-0.07718821955665921,0.077446848998731,0.006268750000000005,1.3736264811970966,0,0,0,0,0,0,0,0
2,38697.814,-0.01922058932242749,-0.044182795494431,0.686,0.06953391739945403,-0.1601761932373047,-0.3221219787597656,-0.25857264507899613,-0.11508911729998264,0.687,1.422862219395857,-0.23935205575656865,-0.07090632180555165,0.0010000000000000009,1.353328301996403,-0.06318004376257896,0.08067379142400805,0.0008000000000000008,1.0723571436445782,0,0,0,0,0,0,0,0
3,38763.061,-0.007602881922373246,-0.02430855030308801,0.685,0.1587726020539244,0.1945568084716797,0.2852856750488281,-0.25857264507899613,-0.11508911729998264,0.687,1.422862219395857,-0.2509697631566229,-0.09078056699689463,0.0020000000000000018,1.2640896173419327,-0.18709393597253848,-0.1507840079979934,0.006903030303030308,0.8584592325488856,0,0,0,0,0,0,0,0
4,38828.186,-0.003987788844340347,-0.00040991516112103,0.682,0.2319368042975265,0.11022223663330079,0.34539706420898436,-0.25857264507899613,-0.11508911729998264,0.687,1.422862219395857,-0.25458485623465577,-0.11467920213886161,0.0050000000000000044,1.1909254150983306,-0.1464633762584113,-0.18407478742834663,0.019909090909090925,0.8583608594455938,0,0,0,0,0,0,0,0
5,38893.463,-0.0026659059522653634,0.02806514484245843,0.681,0.3212278488295566,0.11747769927978516,0.4111309814453125,-0.25857264507899613,-0.11508911729998264,0.687,1.422862219395857,-0.2559067391267308,-0.14315426214244106,0.006000000000000005,1.1016343705663005,-0.13507120052069244,-0.22490437724434065,0.010184615384615393,0.6895218573415465,0,0,0,0,0,0,0,0
6,38958.465,-0.0005771515053581058,0.05605819512366042,0.672,0.34313173094208566,0.16230313110351563,0.388525146484375,-0.25857264507899613,-0.11508911729998264,0.687,1.422862219395857,-0.25799549357363805,-0.17114731242364306,0.015000000000000013,1.0797304884537715,-0.1400744749143575,-0.23402165012728665,0.05972727272727277,0.980167387942276,0,0,0,0,0,0,0,0
7,39023.712,0.0039605494616432955,0.09085515543954267,0.651,0.33204889019192146,0.2397029266357422,0.4686275939941406,-0.0005771515053581058,0.05605819512366042,1,0.34313173094208566,-0.004537700967001401,-0.03479696031588225,0.349,0.011082840750164191,-0.0022688504835007006,-0.017398480157941126,0.2792,0.011082840750164191,0,0,0,0,0,0,0,0
8,39088.806,0.021498998941047752,0.13474997026853297,0.635,0.2781880294753763,0.4633394775390625,0.5366989135742187,-0.0005771515053581058,0.05605819512366042,1,0.34313173094208566,-0.02207615044640586,-0.07869177514487255,0.365,0.06494370146670936,-0.1040450042806508,-0.2721214207564757,0.3768484848484849,0.3097657956328237,0,0,0,0,0,0,0,0
9,39153.991,0.056261573928212294,0.18734052107462335,0.592,0.22294835864975565,0.7180230712890625,0.6153360595703125,-0.0005771515053581058,0.05605819512366042,1,0.34313173094208566,-0.0568387254335704,-0.13128232595096292,0.40800000000000003,0.12018337229233,-0.21560245880151732,-0.34882105193135265,0.5579384615384617,0.3751356991798099,0,0,0,0,0,0,0,0
10,39219.085,0.10556601270967864,0.2453056429002946,0.569,0.1787915285742992,0.9135086669921875,0.6844345092773437,-0.0005771515053581058,0.05605819512366042,1,0.34313173094208566,-0.10614316421503674,-0.1892474477766342,0.43100000000000005,0.16434020236778646,-0.3145345150395368,-0.402014521448695,0.4667696969696971,0.36505306634713397,0,0,0,0,0,0,0,0
11,39284.271,0.16074659142798112,0.3078285981366324,0.524,0.10225884087434817,0.9813011474609376,0.7756943359375,-0.0005771515053581058,0.05605819512366042,1,0.34313173094208566,-0.16132374293333923,-0.25177040301297193,0.476,0.2408728900677375,-0.38243066133238635,-0.467807612955208,0.6268937499999996,0.599619863661258,0,0,0,0,0,0,0,0
12,39349.426,0.22527710225293918,0.37133761160652795,0.509,0.014905111812031413,1.0601468505859375,0.8488489379882812,-0.0005771515053581058,0.05605819512366042,1,0.34313173094208566,-0.2258542537582973,-0.3152794164828675,0.491,0.32822661913005424,-0.46039910824430735,-0.4996113192331791,0.47356923076923085,0.7313976763407469,0,0,0,0,0,0,0,0
13,39414.581,0.29924228133624226,0.42009367174242845,0.494,-0.039287361462392256,1.1202547607421875,0.714723388671875,-0.0005771515053581058,0.05605819512366042,1,0.34313173094208566,-0.29981943284160034,-0.364035476618768,0.506,0.3824190924044779,-0.5481837576385857,-0.4445503698103867,0.48556923076923086,0.6325381998248949,0,0,0,0,0,0,0,0
14,39479.766,0.38356952431969227,0.4394455484324554,0.473,-0.07195992505972597,1.25253125,0.33973629760742186,-0.0005771515053581058,0.05605819512366042,1,0.34313173094208566,-0.38414667582505035,-0.38338735330879503,0.527,0.41509165600181164,-0.6392632628247601,-0.2943172651621166,0.5329636363636365,0.563603308716965,0,0,0,0,0,0,0,0
15,39544.982,0.4754564203245912,0.4260524455844844,0.457,-0.08916887148439005,1.389180419921875,-0.10127958679199218,-0.0005771515053581058,0.05605819512366042,1,0.34313173094208566,-0.47603357182994926,-0.369994250460824,0.5429999999999999,0.4323006024264757,-0.7180229590748942,-0.11503315512907089,0.5179820895522382,0.5093555864175089,0,0,0,0,0,0,0,0
16,39610.076,0.5331892138308311,0.39948589556097447,0.463,-0.11241665712095432,0.8980379638671875,-0.3197978210449219,-0.0005771515053581058,0.05605819512366042,1,0.34313173094208566,-0.5337663653361892,-0.3434277004373141,0.5369999999999999,0.45554838806304,-0.5876209243694273,-0.024121905643601838,0.3962666666666666,0.5662521291895365,0,0,0,0,0,0,0,0
17,39675.201,0.5697635620070814,0.36813611227944026,0.443,-0.1459095254667257,0.5979046020507812,-0.4057348327636719,-0.0005771515053581058,0.05605819512366042,1,0.34313173094208566,-0.5703407135124395,-0.3120779171557798,0.5569999999999999,0.48904125640881135,-0.4821091546283372,0.012767566784217643,0.5532923076923077,0.6436237256969869,0,0,0,0,0,0,0,0
18,39740.356,0.5966717510588306,0.33343901253545005,0.443,-0.23907520093818307,0.47500436401367185,-0.45624249267578126,-0.0005771515053581058,0.05605819512366042,1,0.34313173094208566,-0.5972489025641887,-0.27738081741178966,0.5569999999999999,0.5822069318802687,-0.44351470002228227,0.048140128377129054,0.4456,1.0122023571331489,0,0,0,0,0,0,0,0
19,39805.45,0.5778922688983694,0.29703897741418017,0.44,-0.3213849284622358,-0.1443849334716797,-0.5971767578125,-0.0005771515053581058,0.05605819512366042,1,0.34313173094208566,-0.5784694204037275,-0.24098078229051975,0.56,0.6645166594043215,-0.18964654722972096,0.07254009813420174,0.4639090909090916,1.038651784513652,0,0,0,0,0,0,0,0
20,39870.727,0.5197351112735333,0.25838536309839505,0.432,-0.38292523788755556,-0.6445426025390625,-0.8256785888671875,-0.0005771515053581058,0.05605819512366042,1,0.34313173094208566,-0.5203122627788914,-0.20232716797473463,0.5680000000000001,0.7260569688296412,0.057890824371376604,0.11022336930208256,0.4981500000000001,1.0145271692608275,0,0,0,0,0,0,0,0
21,39935.821,0.4263788758680652,0.21091628170511345,0.422,-0.4444830006053957,-1.032882568359375,-1.1836854248046875,-0.0005771515053581058,0.05605819512366042,1,0.34313173094208566,-0.4269560273734233,-0.15485808658145303,0.5780000000000001,0.7876147315474813,0.28920940772734743,0.1781737026730974,0.516246153846154,1.071727482552897,0,0,0,0,0,0,0,0
22,40000.885,0.30656734424680226,0.15572655640373873,0.413,-0.5138598383721703,-1.266580810546875,-1.5201751708984375,-0.0005771515053581058,0.05605819512366042,1,0.34313173094208566,-0.30714449575216035,-0.0996683612800783,0.587,0.856991569314256,0.4915667685461049,0.2473412632904401,0.5180615384615379,1.1771923590070623,0,0,0,0,0,0,0,0
23,40066.497,0.16258765635444117,0.1034382950179192,0.403,-0.5467418414797435,-1.4952503662109375,-1.7446129150390626,-0.0005771515053581058,0.05605819512366042,1,0.34313173094208566,-0.16316480785979928,-0.04738009989425877,0.597,0.8898735724218292,0.6819462439841363,0.25359618467464085,0.5306303030303031,1.039337222910798,0,0,0,0,0,0,0,0
24,40131.286,0.004148754287918319,0.05615568569007548,0.395,-0.5368458246209357,-1.66139404296875,-1.8414503173828125,-0.0005771515053581058,0.05605819512366042,1,0.34313173094208566,-0.0047259057932764244,-0.00009749056641505938,0.605,0.8799775555630214,0.8253029534210184,0.24694996016075213,0.5257910447761194,0.8356670323146282,0,0,0,0,0,0,0,0
25,40196.38,-0.1693552102222557,0.01238254132059774,0.395,-0.5040510879759622,-1.90064501953125,-1.8952530517578126,-0.0005771515053581058,0.05605819512366042,1,0.34313173094208566,0.16877805871689758,0.04367565380306268,0.605,0.8471828189180479,1.0482999433038598,0.2650219622875188,0.484,0.6910174063229362,0,0,0,0,0,0,0,0
26,40261.779,-0.33133848192681403,-0.041870935435000464,0.407,-0.49370128551163583,-1.7345213623046876,-1.8861044921875,-0.0005771515053581058,0.05605819512366042,1,0.34313173094208566,0.33076133042145595,0.09792913055866088,0.593,0.8368330164537214,1.0115619353091672,0.33237824982350017,0.41171343283582085,0.7904906173597223,0,0,0,0,0,0,0,0
27,40326.69,-0.4785305315239032,-0.09826551747725418,0.412,-0.494608856722673,-1.5433553466796874,-1.7911923828125,-0.0005771515053581058,0.05605819512366042,1,0.34313173094208566,0.4779533800185451,0.1543237126009146,0.5880000000000001,0.8377405876647587,1.0195405893877756,0.3762240337972572,0.44388484848484916,0.8418659113512916,0,0,0,0,0,0,0,0
28,40391.876,-0.6175207768896224,-0.14894625444793158,0.418,-0.4953418950085105,-1.474130615234375,-1.6587569580078125,-0.0005771515053581058,0.05605819512366042,1,0.34313173094208566,0.6169436253842643,0.205004449571592,0.5820000000000001,0.8384736259505962,1.0568808261998508,0.37539850078175124,0.43329230769230775,0.8418568795775384,0,0,0,0,0,0,0,0
29,40457.031,-0.7471110814465156,-0.1951693912259757,0.416,-0.49553388122623004,-1.38064501953125,-1.53398828125,-0.0005771515053581058,0.05605819512366042,1,0.34313173094208566,0.7465339299411575,0.25122758634963616,0.5840000000000001,0.8386656121683157,1.0932131013977635,0.38240899749728563,0.4783111111111112,0.8395798322526945,0,0,0,0,0,0,0,0
30,40522.186,-0.869420275531603,-0.2388584825239833,0.413,-0.4945739501376331,-1.3023450927734375,-1.448882080078125,-0.0005771515053581058,0.05605819512366042,1,0.34313173094208566,0.8688431240262449,0.29491667764764373,0.587,0.8377056810797188,1.0830309245855552,0.37914291388901356,0.48550909090909034,0.8333423579497327,0,0,0,0,0,0,0,0
31,40587.371,-0.9851401526635056,-0.2804565002598468,0.412,-0.49567350756638945,-1.2316275634765625,-1.3731087646484375,-0.0005771515053581058,0.05605819512366042,1,0.34313173094208566,0.9845630011581475,0.3365146953835072,0.5880000000000001,0.8388052385084751,1.1251245786441666,0.3957465071847569,0.47586875000000073,0.8439594139557705,0,0,0,0,0,0,0,0
32,40652.435,-1.095670940893069,-0.32002837356936814,0.409,-0.49733157035578407,-1.1761036376953125,-1.3107069091796875,-0.0005771515053581058,0.05605819512366042,1,0.34313173094208566,1.0950937893877108,0.3760865686930286,0.591,0.8404633012978697,1.142712677468427,0.401122602167014,0.4889538461538456,0.8481158987873834,0,0,0,0,0,0,0,0
33,40717.62,-1.2011364167994822,-0.35686744185491115,0.405,-0.4974362901109038,-1.1267099609375,-1.24038037109375,-0.0005771515053581058,0.05605819512366042,1,0.34313173094208566,1.2005592652941242,0.41292563697857154,0.595,0.8405680210529894,1.1681706567585182,0.40482703233451706,0.49753846153846154,0.8410513429996959,0,0,0,0,0,0,0,0
34,40782.714,-1.3033453715242822,-0.39264826417594223,0.399,-0.4966508919475064,-1.0912266845703125,-1.203239501953125,-0.0005771515053581058,0.05605819512366042,1,0.34313173094208566,1.3027682200189241,0.4487064592996026,0.601,0.839782622889592,1.2017400200660773,0.41701919599381476,0.5131076923076924,0.8361577082892964,0,0,0,0,0,0,0,0
35,40847.9,-1.4011880107836683,-0.42652728915973337,0.396,-0.4965810787774266,-1.04818212890625,-1.146094482421875,-0.0005771515053581058,0.05605819512366042,1,0.34313173094208566,1.4006108592783102,0.48258548428339376,0.604,0.8397128097195122,1.2271504102666184,0.42371826128518764,0.4993538461538462,0.8393905950883747,0,0,0,0,0,0,0,0
36,40913.055,-1.4951381146472387,-0.4583979058823756,0.388,-0.49661598536246654,-1.0112791748046874,-1.091716552734375,-0.0005771515053581058,0.05605819512366042,1,0.34313173094208566,1.4945609631418806,0.514456101006036,0.612,0.8397477163045521,1.2455007293322984,0.42623889675945414,0.5320242424242425,0.8399063826001881,0,0,0,0,0,0,0,0
37,40978.149,-1.5862697028179886,-0.48851768350216557,0.388,-0.4961796530494679,-0.9865833740234375,-1.0485184326171875,-0.0005771515053581058,0.05605819512366042,1,0.34313173094208566,1.5856925513126305,0.544575878625826,0.612,0.8393113839915536,1.2835548273449688,0.43447135726562847,0.48960000000000004,0.8372975425469449,0,0,0,0,0,0,0,0
38,41043.334,-1.6754151217713962,-0.5182204214123877,0.386,-0.4955862411037899,-0.963819091796875,-1.0284033203125,-0.0005771515053581058,0.05605819512366042,1,0.34313173094208566,1.674837970266038,0.5742786165360481,0.614,0.8387179720458755,1.3326713126519498,0.4521545188803687,0.5023111111111112,0.8358922008759799,0,0,0,0,0,0,0,0
39,41108.581,-1.7621150265442387,-0.5470856572511856,0.376,-0.49673815841010605,-0.9381338500976563,-0.999335693359375,-0.0005771515053581058,0.05605819512366042,1,0.34313173094208566,1.7615378750388806,0.603143852374846,0.624,0.8398698893521916,1.333678887825334,0.4523604716139795,0.5514388059701494,0.8450277280371893,0,0,0,0,0,0,0,0
40,41173.614,-1.846398715924833,-0.5749553884264291,0.366,-0.49614474646442797,-0.9122354125976563,-0.9700157470703125,-0.0005771515053581058,0.05605819512366042,1,0.34313173094208566,1.8458215644194749,0.6310135835500895,0.634,0.8392764774065136,1.3767460327206296,0.46557457502635585,0.5610461538461539,0.8365376530418455,0,0,0,0,0,0,0,0
41,41238.8,-1.9287071318778568,-0.6032677230992971,0.373,-0.49452159026007336,-0.8835938720703125,-0.9612081909179687,-0.0005771515053581058,0.05605819512366042,1,0.34313173094208566,1.9281299803724987,0.6593259182229575,0.627,0.8376533212021591,1.407264153010224,0.48211399196538324,0.46390769230769235,0.8301618310282153,0,0,0,0,0,0,0,0
42,41303.924,-2.0083168011257,-0.6301678312374895,0.377,-0.4951673620833111,-0.8595753784179687,-0.9219143676757813,-0.0005771515053581058,0.05605819512366042,1,0.34313173094208566,2.007739649620342,0.6862260263611499,0.623,0.8382990930253967,1.426042313245703,0.4857651017922015,0.47718787878787877,0.8412344194946588,0,0,0,0,0,0,0,0
43,41369.079,-2.08621394499145,-0.6567815523810189,0.376,-0.49490556269551206,-0.8384186401367187,-0.9064830932617187,-0.0005771515053581058,0.05605819512366042,1,0.34313173094208566,2.0856367934860915,0.7128397475046793,0.624,0.8380372936375977,1.4497437751462154,0.49544677524838837,0.5044238805970149,0.8368650575728259,0,0,0,0,0,0,0,0
44,41434.417,-2.1613483529632735,-0.6826993797035652,0.366,-0.4941725244096743,-0.8071449584960938,-0.877395263671875,-0.0005771515053581058,0.05605819512366042,1,0.34313173094208566,2.1607712014579152,0.7387575748272256,0.634,0.83730425535176,1.456057640588076,0.4989679240263444,0.5572,0.8341626626981699,0,0,0,0,0,0,0,0
45,41499.511,-2.235451204573025,-0.7072641135981487,0.354,-0.4928984340557184,-0.8037924194335937,-0.8515961303710937,-0.0005771515053581058,0.05605819512366042,1,0.34313173094208566,2.2348740530676667,0.7633223087218091,0.646,0.8360301649978041,1.564609406937506,0.5298966175178738,0.5892137931034483,0.8294400424773427,0,0,0,0,0,0,0,0
46,41564.575,-2.307607083531954,-0.7316909058593956,0.357,-0.49200831613720125,-0.7801276245117188,-0.834929443359375,-0.0005771515053581058,0.05605819512366042,1,0.34313173094208566,2.307029932026596,0.787749100983056,0.643,0.8351400470792869,1.5420466219459934,0.5254034318982419,0.4982461538461539,0.8310318105322843,0,0,0,0,0,0,0,0
47,41629.852,-2.377437693865807,-0.7549084365689789,0.346,-0.49045497310292646,-0.7586973876953125,-0.8017705688476563,-0.0005771515053581058,0.05605819512366042,1,0.34313173094208566,2.3768605423604487,0.8109666316926393,0.654,0.8335867040450121,1.5644412499009706,0.5305007888979221,0.5824307692307693,0.8264174285022053,0,0,0,0,0,0,0,0
48,41694.946,-2.444037966740204,-0.7770333747945475,0.333,-0.4907167724907256,-0.7249183959960938,-0.7633104858398437,-0.0005771515053581058,0.05605819512366042,1,0.34313173094208566,2.443460815234846,0.8330915699182079,0.667,0.8338485034328112,1.5749136728604376,0.5338750028219678,0.602539393939394,0.83503850065008,0,0,0,0,0,0,0,0
49,41760.07,-2.509841629954366,-0.7991728106576651,0.319,-0.4898964677422883,-0.7140769653320312,-0.7580609130859375,-0.0005771515053581058,0.05605819512366042,1,0.34313173094208566,2.509264478449008,0.8552310057813255,0.681,0.8330281986843739,1.6089596565315305,0.5468278498459115,0.6201846153846156,0.8292421767685094,0,0,0,0,0,0,0,0
50,41825.225,-2.574047107645242,-0.8210327137151153,0.305,-0.4931078735659579,-0.6955183715820312,-0.7424950561523438,-0.0005771515053581058,0.05605819512366042,1,0.34313173094208566,2.5734699561398835,0.8770909088387757,0.6950000000000001,0.8362396045080436,1.6324567810208102,0.5562526247287352,0.6313846153846154,0.851061477540365,0,0,0,0,0,0,0,0
51,41890.35,-2.638251053441825,-0.8425138448297592,0.29,-0.49410271123959465,-0.695799560546875,-0.739709228515625,-0.0005771515053581058,0.05605819512366042,1,0.34313173094208566,2.637673901936467,0.8985720399534196,0.71,0.8372344421816803,1.664550505257528,0.5649536490555616,0.6487692307692302,0.8418260006753883,0,0,0,0,0,0,0,0
52,41955.505,-2.70305307825274,-0.8655732844758028,0.353,-0.49494046928055196,-0.6917340087890625,-0.7654985961914063,-0.0005771515053581058,0.05605819512366042,1,0.34313173094208566,2.7024759267473817,0.9216314795994632,0.647,0.8380722002226376,1.700171943124771,0.5849819532784281,0.17836923076923117,0.8419387757962867,0,0,0,0,0,0,0,0
53,42020.721,-2.7678455249043914,-0.8897559868362833,0.353,-0.494556496845113,-0.682963134765625,-0.7808366088867188,-0.0005771515053581058,0.05605819512366042,1,0.34313173094208566,2.767268373399033,0.9458141819599437,0.647,0.8376882277871986,1.7325165917468701,0.6031216421517898,0.5176000000000001,0.8359160473159418,0,0,0,0,0,0,0,0
54,42085.784,-2.8332247707612943,-0.9154785772589166,0.357,-0.4947833896478725,-0.6800468139648438,-0.805082763671875,-0.0005771515053581058,0.05605819512366042,1,0.34313173094208566,2.832647619255936,0.971536772382577,0.643,0.8379151205899582,1.7630319315963925,0.6221760626749496,0.49318787878787884,0.8389464515115925,0,0,0,0,0,0,0,0
55,42151.031,-2.8987001322130483,-0.9412298006921873,0.359,-0.494940469280552,-0.6809290161132813,-0.8062996215820313,-0.0005771515053581058,0.05605819512366042,1,0.34313173094208566,2.89812298070769,0.9972879958158477,0.641,0.8380722002226377,1.791096960624202,0.6331653143503829,0.5023522388059701,0.8387755418615013,0,0,0,0,0,0,0,0
56,42216.156,-2.964205421290393,-0.9690967977219589,0.355,-0.4948532028179522,-0.6661231689453125,-0.8345479125976563,-0.0005771515053581058,0.05605819512366042,1,0.34313173094208566,2.9636282697850347,1.0251549928456194,0.645,0.8379849337600378,1.8457324075444321,0.667394146588208,0.5382222222222223,0.8375693791762286,0,0,0,0,0,0,0,0
57,42281.28,-3.029679928483345,-0.9981856886742941,0.35,-0.49452159026007336,-0.65708544921875,-0.8504002075195313,-0.0005771515053581058,0.05605819512366042,1,0.34313173094208566,3.029102776977987,1.0542438837979546,0.65,0.8376533212021591,1.867106427220274,0.683754431642321,0.546923076923077,0.8361228017042572,0,0,0,0,0,0,0,0
58,42346.374,-3.0956529565691473,-1.0288401813776715,0.343,-0.493369672953757,-0.6528035888671875,-0.87440185546875,-0.0005771515053581058,0.05605819512366042,1,0.34313173094208566,3.095075805063789,1.084898376501332,0.657,0.8365014038958427,1.9027772845323678,0.7075118412688519,0.5632923076923078,0.8311848624820749,0,0,0,0,0,0,0,0
59,42411.56,-3.1594850665177656,-1.059676967297613,0.336,-0.49001864078992796,-0.6242314453125,-0.8608486328125,-0.0005771515053581058,0.05605819512366042,1,0.34313173094208566,3.1589079150124073,1.1157351624212735,0.6639999999999999,0.8331503717320137,1.9231653187679947,0.7239118130872444,0.5688923076923071,0.8176840694374181,0,0,0,0,0,0,0,0
60,42476.684,-3.2228946461248027,-1.0908844482424171,0.327,-0.48610910326546075,-0.618903564453125,-0.8606751708984375,-0.0005771515053581058,0.05605819512366042,1,0.34313173094208566,3.2223174946194444,1.1469426433660777,0.673,0.8292408342075464,1.952594945193768,0.741511603693523,0.5868615384615392,0.811196814863851,0,0,0,0,0,0,0,0
61,42541.87,-3.2880477712738645,-1.1158887826264412,0.318,-0.4688827035482767,-0.6888578491210937,-0.7881990966796875,-0.0005771515053581058,0.05605819512366042,1,0.34313173094208566,3.287470619768506,1.1719469777501017,0.6819999999999999,0.8120144344903624,1.9945598299176628,0.7206122124813342,0.5940615384615379,0.7325079742572055,0,0,0,0,0,0,0,0
62,42607.055,-3.349987596249948,-1.1331973501849748,0.323,-0.43320817363751246,-0.7114998779296875,-0.6514574584960937,-0.0005771515053581058,0.05605819512366042,1,0.34313173094208566,3.34941044474459,1.1892555453086353,0.677,0.7763399045795981,2.013438640210252,0.6892840014900483,0.5142562500000006,0.6091155456228907,0,0,0,0,0,0,0,0
63,42672.271,-3.4020880267630558,-1.1337812691678655,0.336,-0.39585812764483386,-0.705636962890625,-0.33601419067382815,-0.0005771515053581058,0.05605819512366042,1,0.34313173094208566,3.4015108752576975,1.189839464291526,0.6639999999999999,0.7389898585869195,1.9729218656823961,0.5979700551907142,0.46328955223880536,0.5717508466794031,0,0,0,0,0,0,0,0
64,42737.335,-3.442555781217277,-1.1042262296119252,0.335,-0.33623768039670776,-0.7310197143554688,0.1749759063720703,-0.0005771515053581058,0.05605819512366042,1,0.34313173094208566,3.441978629711919,1.1602844247355857,0.665,0.6793694113387934,1.9388926080709974,0.4209996916819605,0.537384615384616,0.4041981163474422,0,0,0,0,0,0,0,0
65,42802.49,-3.4701981447972314,-1.032492894703292,0.335,-0.26155504170387034,-0.7464300537109375,0.8789429931640625,-0.0005771515053581058,0.05605819512366042,1,0.34313173094208566,3.469620993291873,1.0885510898269526,0.665,0.6046867726459559,1.8243922304698625,0.31180640400586906,0.532,0.3972349984991853,0,0,0,0,0,0,0,0
66,42867.584,-3.4770417732117105,-0.8898653331958839,0.319,-0.17669713347190605,-0.6523790283203125,2.040105224609375,-0.0005771515053581058,0.05605819512366042,1,0.34313173094208566,3.476464621706352,0.9459235283195443,0.681,0.5198288644139917,1.847108217447161,-1.796113078003542,0.7993454545454548,-0.6373244296582483,0,0,0,0,0,0,0,0
67,42932.8,-3.4706511546585044,-0.657552530184345,0.288,-0.105592419745657,-0.5181693115234375,3.4472841796875,-0.0005771515053581058,0.05605819512366042,1,0.34313173094208566,3.470074003153146,0.7136107253080054,0.712,0.44872415068774263,1.7030839088105425,-0.8047586524036916,0.7245999999999996,0.1439896632895325,0,0,0,0,0,0,0,0
68,42998.016,-3.4606761728502455,-0.2625539952225714,0.223,-0.0482059939400836,-0.475679443359375,5.90774755859375,-0.0005771515053581058,0.05605819512366042,1,0.34313173094208566,3.4600990213448872,0.3186121903462318,0.777,0.3913377248821692,1.6958216319186143,-1.1960810345976758,0.8446392156862748,0.2225541195716592,0,0,0,0,0,0,0,0
69,43063.079,-3.4597640617918124,0.2997159095852242,0.086,0.0023212879051524304,-0.39274847412109376,8.42491015625,-0.0005771515053581058,0.05605819512366042,1,0.34313173094208566,3.459186910286454,-0.24365771446156378,0.914,0.3408104430369332,1.716291835541077,-8.321598302344466,2.729116666666667,-0.29078058002851703,0,0,0,0,0,0,0,0
70,43128.265,-3.4597640617918124,0.2997159095852242,0,0.07166321908688736,0,0,-0.0005771515053581058,0.05605819512366042,1,0.34313173094208566,3.459186910286454,-0.24365771446156378,1,0.27146851185519827,1.729593455143227,-0.12182885723078189,1.2777777777777777,-0.05873116043877752,0,0,0,0,0,0,0,0
71,43193.42,-3.4597640617918124,0.2997159095852242,0,0.1562593279310523,0,0,-0.0005771515053581058,0.05605819512366042,1,0.34313173094208566,3.459186910286454,-0.24365771446156378,1,0.18687240301103336,1.729593455143227,-0.12182885723078189,0.8,-0.01296092496730894,0,0,0,0,0,0,0,0
72,43258.514,-3.4597640617918124,0.2997159095852242,0,0.19142771235873807,0,0,-0.0005771515053581058,0.05605819512366042,1,0.34313173094208566,3.459186910286454,-0.24365771446156378,1,0.1517040185833476,1.729593455143227,-0.12182885723078189,0.8,-1.9583990470777988,0,0,0,0,0,0,0,0
73,43323.699,-3.4597640617918124,0.2997159095852242,0,0.17304939533523794,0,0,-0.0005771515053581058,0.05605819512366042,1,0.34313173094208566,3.459186910286454,-0.24365771446156378,1,0.1700823356068477,1.729593455143227,-0.12182885723078189,0.8,0.25490533725377135,0,0,0,0,0,0,0,0
74,43388.824,-3.4597640617918124,0.2997159095852242,0,0.13351768777756615,0,0,-0.0005771515053581058,0.05605819512366042,1,0.34313173094208566,3.459186910286454,-0.24365771446156378,1,0.2096140431645195,1.729593455143227,-0.12182885723078189,0.8,0.2968163392476191,0,0,0,0,0,0,0,0
75,43454.04,-3.4597640617918124,0.2997159095852242,0,0.09560913642424931,0,0,-0.0005771515053581058,0.05605819512366042,1,0.34313173094208566,3.459186910286454,-0.24365771446156378,1,0.24752259451783634,1.729593455143227,-0.12182885723078189,0.8,11.620088000512885,0,0,0,0,0,0,0,0
76,43519.134,-3.4597640617918124,0.2997159095852242,0,0.06803293424273885,0,0,-0.0005771515053581058,0.05605819512366042,1,0.34313173094208566,3.459186910286454,-0.24365771446156378,1,0.2750987966993468,1.729593455143227,-0.12182885723078189,0.8,0.4177343252244008,0,0,0,0,0,0,0,0
77,43584.411,-3.4597640617918124,0.2997159095852242,0,0.05391322059410489,0,0,-0.0005771515053581058,0.05605819512366042,1,0.34313173094208566,3.459186910286454,-0.24365771446156378,1,0.28921851034798074,1.729593455143227,-0.12182885723078189,0.8,0.3554046680759524,0,0,0,0,0,0,0,0
78,43649.78,-3.4597640617918124,0.2997159095852242,0,0.03700098014227973,0,0,-0.0005771515053581058,0.05605819512366042,1,0.34313173094208566,3.459186910286454,-0.24365771446156378,1,0.3061307507998059,1.729593455143227,-0.12182885723078189,0.8,0.3830045710353748,0,0,0,0,0,0,0,0
79,43714.63,-3.4597640617918124,0.2997159095852242,0,0.0172962128872636,0,0,-0.0005771515053581058,0.05605819512366042,1,0.34313173094208566,3.459186910286454,-0.24365771446156378,1,0.325835518054822,1.729593455143227,-0.12182885723078189,0.8,0.415402641941259,0,0,0,0,0,0,0,0
80,43779.724,-3.4597640617918124,0.2997159095852242,0,-0.006283185307179612,0,0,-0.0005771515053581058,0.05605819512366042,1,0.34313173094208566,3.459186910286454,-0.24365771446156378,1,0.34941491624926524,1.729593455143227,-0.12182885723078189,0.8,0.45499431114975725,0,0,0,0,0,0,0,0
81,43844.97,-3.4597640617918124,0.2997159095852242,0,-0.020385445663293894,0,0,-0.0005771515053581058,0.05605819512366042,1,0.34313173094208566,3.459186910286454,-0.24365771446156378,1,0.3635171766053795,1.729593455143227,-0.12182885723078189,0.8,0.4266616259611151,0,0,0,0,0,0,0,0
82,43910.003,-3.4597640617918124,0.2997159095852242,0,-0.02649409804527411,0,0,-0.0005771515053581058,0.05605819512366042,1,0.34313173094208566,3.459186910286454,-0.24365771446156378,1,0.36962582898735974,1.729593455143227,-0.12182885723078189,0.8,0.3978196092118838,0,0,0,0,0,0,0,0
83,43975.311,-3.4597640617918124,0.2997159095852242,0,-0.027035150113392276,0,0,-0.0005771515053581058,0.05605819512366042,1,0.34313173094208566,3.459186910286454,-0.24365771446156378,1,0.3701668810554779,1.729593455143227,-0.12182885723078189,0.8,0.372784874933469,0,0,0,0,0,0,0,0
84,44040.527,-3.4597640617918124,0.2997159095852242,0,-0.02778564169174988,0,0,-0.0005771515053581058,0.05605819512366042,1,0.34313173094208566,3.459186910286454,-0.24365771446156378,1,0.3709173726338355,1.729593455143227,-0.12182885723078189,0.8,0.3743811799185629,0,0,0,0,0,0,0,0
85,44105.468,-3.4597640617918124,0.2997159095852242,0,-0.037821284890717094,0,0,-0.0005771515053581058,0.05605819512366042,1,0.34313173094208566,3.459186910286454,-0.24365771446156378,1,0.3809530158328027,1.729593455143227,-0.12182885723078189,0.8,0.42727136905880525,0,0,0,0,0,0,0,0
86,44170.959,-3.4597640617918124,0.2997159095852242,0,-0.05536184387326035,0,0,-0.0005771515053581058,0.05605819512366042,1,0.34313173094208566,3.459186910286454,-0.24365771446156378,1,0.398493574815346,1.729593455143227,-0.12182885723078189,0.8,0.48071494504601747,0,0,0,0,0,0,0,0
87,44235.931,-3.4597640617918124,0.2997159095852242,0,-0.06630505828326469,0,0,-0.0005771515053581058,0.05605819512366042,1,0.34313173094208566,3.459186910286454,-0.24365771446156378,1,0.4094367892253503,1.729593455143227,-0.12182885723078189,0.8,0.45843625673283245,0,0,0,0,0,0,0,0
88,44300.964,-3.4597640617918124,0.2997159095852242,0,-0.0801106126665396,0,0,-0.0005771515053581058,0.05605819512366042,1,0.34313173094208566,3.459186910286454,-0.24365771446156378,1,0.4232423436086252,1.729593455143227,-0.12182885723078189,0.8,0.48696028691604787,0,0,0,0,0,0,0,0
89,44366.119,-3.4597640617918124,0.2997159095852242,0,-0.0958534825195285,0,0,-0.0005771515053581058,0.05605819512366042,1,0.34313173094208566,3.459186910286454,-0.24365771446156378,1,0.4389852134616141,1.729593455143227,-0.12182885723078189,0.8,0.5127799158974996,0,0,0,0,0,0,0,0
90,44431.304,-3.4597640617918124,0.2997159095852242,0,-0.1832770247519246,0,0,-0.0005771515053581058,0.05605819512366042,1,0.34313173094208566,3.459186910286454,-0.24365771446156378,1,0.5264087556940102,1.729593455143227,-0.12182885723078189,0.8,0.9237884931139926,0,0,0,0,0,0,0,0
91,44496.429,-3.4597640617918124,0.2997159095852242,0,-0.3475648672421507,0,0,-0.0005771515053581058,0.05605819512366042,1,0.34313173094208566,3.459186910286454,-0.24365771446156378,1,0.6906965981842363,1.729593455143227,-0.12182885723078189,0.8,1.4489481789083567,0,0,0,0,0,0,0,0
92,44561.767,-3.4597640617918124,0.2997159095852242,0,-0.5347339762260226,0,0,-0.0005771515053581058,0.05605819512366042,1,0.34313173094208566,3.459186910286454,-0.24365771446156378,1,0.8778657071681082,1.729593455143227,-0.12182885723078189,0.8,1.7036117762146015,0,0,0,0,0,0,0,0
93,44626.739,-3.4562070715233957,0.3051202516211258,0,-0.6976604618996934,0.004594964981079102,0.0969390640258789,-0.0005771515053581058,0.05605819512366042,1,0.34313173094208566,3.4556299200180374,-0.2490620564974654,1,1.0407921928417792,1.708661935486775,-0.1536313315189722,0.8,1.792760588258722,0,0,0,0,0,0,0,0
94,44691.864,-3.453339437466143,0.30813030693136156,0,-0.8062723012513006,0.003957961082458496,0.06223487854003906,-0.0005771515053581058,0.05605819512366042,1,0.34313173094208566,3.4527622859607847,-0.25207211180770117,1,1.1494040321933863,1.710449842662322,-0.1427585854051604,0.8,1.6666032672010391,0,0,0,0,0,0,0,0
95,44757.141,-3.4507360023262885,0.310301696343199,0,-0.8750906336574369,0.003524451732635498,0.050729278564453126,-0.0005771515053581058,0.05605819512366042,1,0.34313173094208566,3.45015885082093,-0.25424350121953854,1,1.2182223645995225,1.7110609285035563,-0.1388138474427397,0.8,1.535845437243228,0,0,0,0,0,0,0,0
96,44822.174,-3.4482965561054386,0.3120599156623489,0,-0.9314473152043339,0.0032084355354309083,0.04499120330810547,-0.0005771515053581058,0.05605819512366042,1,0.34313173094208566,3.4477194046000803,-0.2560017205386885,1,1.2745790461464195,1.7145792003728937,-0.1346897381139366,0.8,1.4583508337993445,0,0,0,0,0,0,0,0
97,44887.359,-3.4459715711946046,0.3135448837298778,0,-1.0092715465507611,0.0029338867664337157,0.041277069091796875,-0.0005771515053581058,0.05605819512366042,1,0.34313173094208566,3.4453944196892463,-0.2574866886062174,1,1.3524032774928467,1.7012828751395732,-0.14242068176719017,0.8,1.9668051039120091,0,0,0,0,0,0,0,0
98,44952.514,-3.443701231811604,0.3147616815471502,0,-1.1020532495867796,0.0026842966079711913,0.03854449462890625,-0.0005771515053581058,0.05605819512366042,1,0.34313173094208566,3.4431240803062457,-0.2587034864234897,1,1.4451849805288652,1.7089490435808974,-0.135903731458596,0.8,1.8734082253104891,0,0,0,0,0,0,0,0
99,45017.669,-3.4414738638659936,0.3157042713224908,0,-1.2078900154277157,0.0024799273014068602,0.03619419479370117,-0.0005771515053581058,0.05605819512366042,1,0.34313173094208566,3.4408967123606353,-0.2596460761988304,1,1.5510217463698013,1.7088128519868304,-0.13489852150509576,0.8,2.039499127174121,0,0,0,0,0,0,0,0
100,45082.855,-3.439304332775793,0.3163617322729138,0,-1.2913167536730445,0.002332918643951416,0.03392432022094727,-0.0005771515053581058,0.05605819512366042,1,0.34313173094208566,3.4387271812704348,-0.26030353714925336,1,1.6344484846151301,1.7078585015205174,-0.13363830391777876,0.8,2.013660931184807,0,0,0,0,0,0,0,0
101,45147.979,-3.437225563548427,0.31680482318949854,0,-1.3686871994139531,0.002213118314743042,0.03180510330200195,-0.0005771515053581058,0.05605819512366042,1,0.34313173094208566,3.4366484120430685,-0.26074662806583815,1,1.7118189303560387,1.707300429815804,-0.13272303859056567,0.8,2.0635027746328958,0,0,0,0,0,0,0,0
102,45213.134,-3.4352729429040827,0.3170617523112931,0,-1.4468604966107792,0.002103926658630371,0.029466760635375976,-0.0005771515053581058,0.05605819512366042,1,0.34313173094208566,3.4346957913987244,-0.2610035571876327,1,1.7899922275528648,1.7066695015506055,-0.1319068597286302,0.8,2.156429558162987,0,0,0,0,0,0,0,0
103,45278.381,-3.4334764376478395,0.31715210192485976,0,-1.5207053772626593,0.001986378073692322,0.02690841865539551,-0.0005771515053581058,0.05605819512366042,1,0.34313173094208566,3.432899286142481,-0.26109390680119937,1,1.863837108204745,1.706469058314334,-0.1310488956981924,0.8,2.2154793970232216,0,0,0,0,0,0,0,0
104,45343.414,-3.431831048885626,0.31711022071898926,0,-1.6062090573178616,0.0018631994724273681,0.024618419647216797,-0.0005771515053581058,0.05605819512366042,1,0.34313173094208566,3.4312538973802678,-0.2610520255953288,1,1.9493407882599472,1.7070316342606608,-0.13030723037893757,0.8,2.332193087014584,0,0,0,0,0,0,0,0
105,45408.599,-3.4303154767372575,0.3169401100918168,0,-1.6917476439581036,0.0017451696395874023,0.022809671401977538,-0.0005771515053581058,0.05605819512366042,1,0.34313173094208566,3.429738325231899,-0.2608819149681564,1,2.034879374900189,1.706832037586722,-0.12953885567331533,0.8,2.423691132355835,0,0,0,0,0,0,0,0
106,45473.693,-3.428919366471648,0.3166604856277405,0,-1.76979876810729,0.0016369748115539551,0.02129473876953125,-0.0005771515053581058,0.05605819512366042,1,0.34313173094208566,3.42834221496629,-0.2606022905040801,1,2.1129304990493756,1.7072888737794374,-0.12892271479532613,0.8,2.4427239813698813,0,0,0,0,0,0,0,0
107,45538.848,-3.427637804059678,0.3162974912254189,0,-1.8402053501327411,0.0015371456146240235,0.019920461654663085,-0.0005771515053581058,0.05605819512366042,1,0.34313173094208566,3.42706065255432,-0.26023929610175844,1,2.1833370810748267,1.7059278373925923,-0.12796629142693705,0.8,2.5413366506957646,0,0,0,0,0,0,0,0
108,45604.064,-3.426465099207313,0.3158736549208342,0,-1.9007333685919043,0.0014462785720825194,0.018648187637329103,-0.0005771515053581058,0.05605819512366042,1,0.34313173094208566,3.4258879477019546,-0.2598154597971738,1,2.24386509953399,1.706629409261318,-0.12762553441236188,0.8,2.5232251847301277,0,0,0,0,0,0,0,0
109,45669.158,-3.4253925476504983,0.3154106459217866,0,-1.9488870026544278,0.001358198881149292,0.017470624923706053,-0.0005771515053581058,0.05605819512366042,1,0.34313173094208566,3.42481539614514,-0.2593524507981262,1,2.2920187335965134,1.7067199246652196,-0.1272208746465379,0.8,2.5108988884261656,0,0,0,0,0,0,0,0
110,45734.313,-3.4244095604008336,0.31492895328706644,0,-1.9910192507975708,0.0012720714807510376,0.016370628356933595,-0.0005771515053581058,0.05605819512366042,1,0.34313173094208566,3.4238324088954752,-0.258870758163406,1,2.3341509817396564,1.7065404929261336,-0.1268011224855769,0.8,2.531645894910639,0,0,0,0,0,0,0,0
111,45799.652,-3.423508410200333,0.3144389672751245,0,-2.0126089736447406,0.0011957913637161254,0.015339674949645997,-0.0005771515053581058,0.05605819512366042,1,0.34313173094208566,3.4229312586949745,-0.25838077215146404,1,2.355740704586826,1.70668680252665,-0.12659197540634293,0.8,2.453875808437598,0,0,0,0,0,0,0,0
112,45864.624,-3.422674209545795,0.3139609765977702,0,-2.0086994361202732,0.0011310993432998657,0.014377166748046875,-0.0005771515053581058,0.05605819512366042,1,0.34313173094208566,3.422097058040437,-0.25790278147410983,1,2.351831167062359,1.7065566793419387,-0.1263775947820707,0.8,2.3337871477186636,0,0,0,0,0,0,0,0
113,45929.748,-3.421889901483801,0.31351525331072105,0,-2.0021020915477346,0.0010663055181503295,0.01348962116241455,-0.0005771515053581058,0.05605819512366042,1,0.34313173094208566,3.421312749978443,-0.25745705818706066,1,2.34523382248982,1.7063671902751916,-0.12629097986748017,0.8,2.314308769806045,0,0,0,0,0,0,0,0
114,45994.964,-3.4211509333306354,0.3131018778196433,0,-1.9978609414653885,0.0009988164901733399,0.012661628723144532,-0.0005771515053581058,0.05605819512366042,1,0.34313173094208566,3.420573781825277,-0.2570436826959829,1,2.340992672407474,1.7063078316263613,-0.12629597331911108,0.8,2.321418133565877,0,0,0,0,0,0,0,0
115,46060.119,-3.420456086393183,0.31271738959913437,0,-1.9829732829458768,0.0009322412610054016,0.0118754243850708,-0.0005771515053581058,0.05605819512366042,1,0.34313173094208566,3.4198789348878247,-0.2566591944754739,1,2.3261050138879624,1.7062546730786345,-0.12629064455321976,0.8,2.258433838799273,0,0,0,0,0,0,0,0
116,46125.335,-3.4197995895184397,0.3123667195295596,0,-1.9608076014455489,0.0008745883703231811,0.011129940032958984,-0.0005771515053581058,0.05605819512366042,1,0.34313173094208566,3.4192224380130813,-0.25630852440589913,1,2.3039393323876345,1.7060762358348458,-0.12626603875139303,0.8,2.2016361870015055,0,0,0,0,0,0,0,0
117,46190.368,-3.4191770033962494,0.3120513818028426,0,-1.9229514099697917,0.0008242626786231995,0.010435858726501464,-0.0005771515053581058,0.05605819512366042,1,0.34313173094208566,3.418599851890891,-0.25599318667918214,1,2.2660831409118773,1.7058951580897177,-0.12627209014660754,0.8,2.0886322433692657,0,0,0,0,0,0,0,0
118,46255.493,-3.418581717528807,0.3117775484101955,0,-1.8722845017843963,0.0007755271196365356,0.009798076629638672,-0.0005771515053581058,0.05605819512366042,1,0.34313173094208566,3.418004566023449,-0.25571935328653506,1,2.215416232726482,1.7058454640177123,-0.12640752986407847,0.8,1.9851121046110483,0,0,0,0,0,0,0,0
119,46320.831,-3.418009978522344,0.31154912880194635,0,-1.8167830315709765,0.0007251570224761963,0.00920667552947998,-0.0005771515053581058,0.05605819512366042,1,0.34313173094208566,3.417432827016986,-0.2554909336782859,1,2.159914762513062,1.7056844642317952,-0.12653415073479138,0.8,1.907635352452063,0,0,0,0,0,0,0,0
120,46385.864,-3.4174620282375345,0.3113649977542877,0,-1.7653132719296638,0.0006773247718811035,0.008644410133361816,-0.0005771515053581058,0.05605819512366042,1,0.34313173094208566,3.4168848767321762,-0.2553068026306273,1,2.1084450028717496,1.7054919368324981,-0.12666192644330596,0.8,1.870892266065692,0,0,0,0,0,0,0,0
121,46451.171,-3.416938449182164,0.31121880695810006,0,-1.730424140182297,0.0006334476470947265,0.008129438400268555,-0.0005771515053581058,0.05605819512366042,1,0.34313173094208566,3.4163612976768056,-0.2551606118344396,1,2.0735558711243827,1.705361377001792,-0.12679312470697826,0.8,1.9125291092134582,0,0,0,0,0,0,0,0
122,46516.296,-3.4164396532309027,0.31109849788535565,0,-1.7179450360305375,0.0005924329161643982,0.0076736660003662105,-0.0005771515053581058,0.05605819512366042,1,0.34313173094208566,3.4158625017255444,-0.2550403027616952,1,2.061076766972623,1.705325600371109,-0.12689167115009323,0.8,2.0052001812184757,0,0,0,0,0,0,0,0
123,46581.481,-3.415973410955858,0.31099193529879154,0,-1.728905703733062,0.0005557702779769898,0.00715241527557373,-0.0005771515053581058,0.05605819512366042,1,0.34313173094208566,3.4153962594504996,-0.25493374017513115,1,2.072037434675148,1.70510789486389,-0.1268748557177653,0.8,2.1242310904014556,0,0,0,0,0,0,0,0
124,46646.545,-3.4155388896482495,0.3108875701615018,0,-1.7321694694342913,0.0005197103023529052,0.006683007717132568,-0.0005771515053581058,0.05605819512366042,1,0.34313173094208566,3.414961738142891,-0.2548293750378414,1,2.075301200376377,1.705104580670462,-0.1268439406743675,0.8,2.0906001021008884,0,0,0,0,0,0,0,0
125,46711.639,-3.4151332311163465,0.3107888014906954,0,-1.722447985500683,0.0004846017956733704,0.006243863582611084,-0.0005771515053581058,0.05605819512366042,1,0.34313173094208566,3.414556079610988,-0.25473060636703493,1,2.0655797164427687,1.7051268203181298,-0.1268415299292406,0.8,2.021391153108186,0,0,0,0,0,0,0,0
126,46776.794,-3.4147536417169304,0.3107002271959658,0,-1.706425862967375,0.0004531913101673126,0.005829207420349121,-0.0005771515053581058,0.05605819512366042,1,0.34313173094208566,3.414176490211572,-0.2546420320723054,1,2.049557593909461,1.7050752710179735,-0.12685130386713248,0.8,1.9767297642126067,0,0,0,0,0,0,0,0
127,46842.041,-3.4143971440865744,0.31062290695287215,0,-1.6728980880365638,0.0004260999262332916,0.005455177307128906,-0.0005771515053581058,0.05605819512366042,1,0.34313173094208566,3.413819992581216,-0.2545647118292117,1,2.0160298189786494,1.704929453899741,-0.12685279900852972,0.8,1.8563737478795477,0,0,0,0,0,0,0,0
128,46907.073,-3.414061330449169,0.3105616397158435,0,-1.6218123008306897,0.0004008081555366516,0.00510464096069336,-0.0005771515053581058,0.05605819512366042,1,0.34313173094208566,3.413484178943811,-0.2545034445921831,1,1.9649440317727753,1.7049878391272513,-0.12693166956534516,0.8,1.7362017010002049,0,0,0,0,0,0,0,0
129,46972.29,-3.4137445054611226,0.3105203310858796,0,-1.549992002111123,0.0003764814138412476,0.004777789115905762,-0.0005771515053581058,0.05605819512366042,1,0.34313173094208566,3.4131673539557643,-0.2544621359622192,1,1.8931237330532087,1.7048776962730163,-0.12700863689668873,0.8,1.5616454312705934,0,0,0,0,0,0,0,0
130,47037.384,-3.4134464238955844,0.31050305251295096,0,-1.465360986681918,0.0003521365821361542,0.004464864253997803,-0.0005771515053581058,0.05605819512366042,1,0.34313173094208566,3.412869272390226,-0.25444485738929057,1,1.8084927176240035,1.7048539006202892,-0.1271307998988115,0.8,1.4238062838548893,0,0,0,0,0,0,0,0
131,47102.539,-3.413166793666959,0.3105105978778166,0,-1.3824578472121873,0.0003288727402687073,0.004183072090148926,-0.0005771515053581058,0.05605819512366042,1,0.34313173094208566,3.412589642161601,-0.25445240275415615,1,1.725589578154273,1.7047655932680064,-0.12726746509118672,0.8,1.3369811118899109,0,0,0,0,0,0,0,0
132,47167.755,-3.412906538574528,0.3105393096945275,0,-1.3084733402201476,0.00030784031748771665,0.0039154281616210936,-0.0005771515053581058,0.05605819512366042,1,0.34313173094208566,3.4123293870691698,-0.2544811145708671,1,1.6516050711622332,1.704763319959956,-0.1273951593754155,0.8,1.3101381158143575,0,0,0,0,0,0,0,0
133,47232.849,-3.4126655827156567,0.3105840591215251,0,-1.2090768393190705,0.0002890089750289917,0.0036647615432739257,-0.0005771515053581058,0.05605819512366042,1,0.34313173094208566,3.4120884312102984,-0.2545258639978647,1,1.552208570261156,1.704746760980457,-0.12750389045199642,0.8,1.0934554891792618,0,0,0,0,0,0,0,0
134,47298.034,-3.4124450598075913,0.31064811052022157,0,-1.1001682939946242,0.0002719903290271759,0.003433792591094971,-0.0005771515053581058,0.05605819512366042,1,0.34313173094208566,3.411867908302233,-0.2545899153965612,1,1.4433000249367098,1.7047645144871333,-0.12763462420651947,0.8,0.9482611825528633,0,0,0,0,0,0,0,0
135,47363.22,-3.4122460164654598,0.31073021235991194,0,-0.9966179094738007,0.00025619104504585264,0.0032194926738739016,-0.0005771515053581058,0.05605819512366042,1,0.34313173094208566,3.4116688649601015,-0.25467201723625155,1,1.3397496404158864,1.7050243723667249,-0.1276701440122145,0.8,0.9785273688316186,0,0,0,0,0,0,0,0
136,47428.253,-3.4120682425601885,0.31082603275183207,0,-0.8825082829784116,0.0002415376752614975,0.003019653797149658,-0.0005771515053581058,0.05605819512366042,1,0.34313173094208566,3.41149109105483,-0.2547678376281717,1,1.2256400139204973,1.7043314349173024,-0.1281461264770869,0.8,0.4476198332701168,0,0,0,0,0,0,0,0
137,47493.53,-3.411912941470238,0.3109340808160856,0,-0.7269994466257168,0.00022800695896148682,0.0028286738395690916,-0.0005771515053581058,0.05605819512366042,1,0.34313173094208566,3.4113357899648795,-0.25487588569242514,1,1.0701311775678024,1.704831658344244,-0.12801974011526968,0.8,0.3523980867092108,0,0,0,0,0,0,0,0
138,47558.532,-3.4117848451293282,0.3110565221296586,0,-0.5552241416444348,0.00021497619152069093,0.002649322271347046,-0.0005771515053581058,0.05605819512366042,1,0.34313173094208566,3.41120769362397,-0.2549983270059982,1,0.8983558725865204,1.7049723859765151,-0.12810274744314812,0.8,0.17254472477828642,0,0,0,0,0,0,0,0
139,47623.748,-3.4116861354591848,0.3111900415390838,0,-0.3805690433973623,0.00020248709619045258,0.002482434511184692,-0.0005771515053581058,0.05605819512366042,1,0.34313173094208566,3.4111089839538264,-0.2551318464154234,1,0.7237007743394479,1.704978685567743,-0.12834478642935862,0.8,-0.14957471689591462,0,0,0,0,0,0,0,0
140,47688.964,-3.411616760308158,0.3113293249581671,0,-0.21600194822681695,0.00019012393057346344,0.002326312303543091,-0.0005771515053581058,0.05605819512366042,1,0.34313173094208566,3.4110396088028,-0.2552711298345067,1,0.5591336791689026,1.7051462458958724,-0.1283855525584712,0.8,-0.2004067600797682,0,0,0,0,0,0,0,0
141,47754.028,-3.4115740300507538,0.3114687096472581,0,-0.0783827367070642,0.0001779526025056839,0.002179558515548706,-0.0005771515053581058,0.05605819512366042,1,0.34313173094208566,3.4109968785453955,-0.25541051452359764,1,0.42151446764914985,1.7053067009381908,-0.12833070137951447,0.8,-0.10779019204220669,0,0,0,0,0,0,0,0
142,47819.152,-3.4115523114123834,0.3116035661293671,0,0.016912240451826266,0.00016638532280921936,0.002042145729064941,-0.0005771515053581058,0.05605819512366042,1,0.34313173094208566,3.410975159907025,-0.25554537100570673,1,0.3262194904902594,1.7053413968106348,-0.128680373363203,0.8,-0.22355922388795485,0,0,0,0,0,0,0,0
143,47884.429,-3.3962920933361174,0.2895253754656039,0,0.07939502767322315,0.22326992797851564,-0.33499658203125,-0.0005771515053581058,0.05605819512366042,1,0.34313173094208566,3.395714941830759,-0.2334671803419435,1,0.2637367032688625,1.6156870658893319,0.0021489749415995185,0.8,-0.0246453915991231,0,0,0,0,0,0,0,0
144,47949.462,-3.380724754082063,0.2697526856976175,0,0.10300933245270638,0.20925143432617188,-0.3141761169433594,-0.0005771515053581058,0.05605819512366042,1,0.34313173094208566,3.3801476025767045,-0.2136944905739571,1,0.24012239848937927,1.607519729486548,-0.001992072274929438,0.8,0.13278464949172825,0,0,0,0,0,0,0,0
145,48014.648,-3.365706632651497,0.2515691830092347,0,0.09220574438286144,0.19603131103515625,-0.2944708251953125,-0.0005771515053581058,0.05605819512366042,1,0.34313173094208566,3.3651294811461385,-0.19551098788557428,1,0.2509259865592242,1.6085317476054903,-0.008118508859209894,0.8,0.2965749502346254,0,0,0,0,0,0,0,0
146,48079.742,-3.3518183149579346,0.23435528893191382,0,0.0707032879982914,0.1836652374267578,-0.2762930908203125,-0.0005771515053581058,0.05605819512366042,1,0.34313173094208566,3.3512411634525763,-0.1782970938082534,1,0.27242844294379426,1.598463261206498,0.006484197969878175,0.8,0.3748210923941278,0,0,0,0,0,0,0,0
147,48144.958,-3.339151172029424,0.21792432814926682,0,0.04326671215694056,0.17212109375,-0.25927157592773437,-0.0005771515053581058,0.05605819512366042,1,0.34313173094208566,3.3385740205240655,-0.1618661330256064,1,0.2998650187851451,1.5941429420420534,0.016538734740187452,0.8,0.4393730315377765,0,0,0,0,0,0,0,0
148,48210.144,-3.32771115048463,0.20222713209666432,0,0.013561208287997006,0.16125541687011719,-0.24265985107421875,-0.0005771515053581058,0.05605819512366042,1,0.34313173094208566,3.3271339989792716,-0.1461689369730039,1,0.32957052265408865,1.6038056929123545,0.008915809400227528,0.8,0.4625802414702538,0,0,0,0,0,0,0,0
149,48275.207,-3.317436460901422,0.18722082553130973,0,-0.011588986233241005,0.1510537109375,-0.22716389465332032,-0.0005771515053581058,0.05605819512366042,1,0.34313173094208566,3.316859309396064,-0.1311626304076493,1,0.35472071717532666,1.603104403096144,0.015221873994238536,0.8,0.470798538042579,0,0,0,0,0,0,0,0
150,48340.362,-3.3081685257391746,0.17293191943084998,0,-0.02841396022246645,0.14149354553222657,-0.21270814514160155,-0.0005771515053581058,0.05605819512366042,1,0.34313173094208566,3.3075913742338163,-0.11687372430718956,1,0.3715456911645521,1.603891420858652,0.01850340146426535,0.8,0.4491994172686695,0,0,0,0,0,0,0,0
151,48405.914,-3.299712330707982,0.15940429800267514,0,-0.03359758810088964,0.13255654907226563,-0.19922879028320312,-0.0005771515053581058,0.05605819512366042,1,0.34313173094208566,3.2991351792026236,-0.10334610287901472,1,0.3767293190429753,1.604034231741043,0.021167987019895654,0.8,0.4006537554049285,0,0,0,0,0,0,0,0
152,48470.642,-3.291855164077426,0.14669592277818444,0,-0.03724532623755783,0.12419434356689453,-0.18655906677246092,-0.0005771515053581058,0.05605819512366042,1,0.34313173094208566,3.2912780125720675,-0.09063772765452402,1,0.3803770571796435,1.6039722135482366,0.02207403509049169,0.8,0.3969576850735898,0,0,0,0,0,0,0,0
153,48535.797,-3.2845367925982796,0.1347720503129319,0,-0.05836381018668923,0.11635952758789063,-0.1746463623046875,-0.0005771515053581058,0.05605819512366042,1,0.34313173094208566,3.2839596410929213,-0.07871385518927149,1,0.4014955411287749,1.6019574765198794,0.025851749949714037,0.8,0.5004884346403283,0,0,0,0,0,0,0,0
154,48600.952,-3.2779125168383874,0.12346767354665214,0,-0.0755553033188332,0.10908583068847656,-0.16348095703125,-0.0005771515053581058,0.05605819512366042,1,0.34313173094208566,3.277335365333029,-0.06740947842299172,1,0.41868703426091886,1.6029985054978642,0.027164981837702877,0.8,0.4980323871785064,0,0,0,0,0,0,0,0
155,48666.107,-3.271877731352295,0.11277752178900669,0,-0.08607963870835911,0.10236746978759766,-0.15306190490722657,-0.0005771515053581058,0.05605819512366042,1,0.34313173094208566,3.271300579846937,-0.056719326665346265,1,0.42921136965044476,1.6036476396184336,0.028330535382113366,0.8,0.47704925778465346,0,0,0,0,0,0,0,0
156,48731.262,-3.2663271945310335,0.10270389837516547,0,-0.08543386688512111,0.09594073486328125,-0.14338690185546876,-0.0005771515053581058,0.05605819512366042,1,0.34313173094208566,3.265750043025675,-0.04664570325150505,1,0.42856559782720677,1.6029875155521982,0.030919735987238635,0.8,0.42558511248918524,0,0,0,0,0,0,0,0
157,48796.386,-3.26112094885703,0.09326911669314157,0,-0.08548622676268103,0.08988490295410156,-0.13434182739257813,-0.0005771515053581058,0.05605819512366042,1,0.34313173094208566,3.2605437973516715,-0.03721092156948115,1,0.4286179577047667,1.6022382681235086,0.032197209810772724,0.8,0.4288596186781201,0,0,0,0,0,0,0,0
158,48861.511,-3.2562436301745383,0.08442934813619409,0,-0.08571311956544014,0.08421399688720703,-0.12586578369140625,-0.0005771515053581058,0.05605819512366042,1,0.34313173094208566,3.25566647866918,-0.028371153012533665,1,0.4288448505075258,1.6019686705638017,0.03269198402300014,0.8,0.4298761814291581,0,0,0,0,0,0,0,0
159,48926.818,-3.251675935309833,0.07614623111347066,0,-0.08569566627292047,0.0789004364013672,-0.1179251480102539,-0.0005771515053581058,0.05605819512366042,1,0.34313173094208566,3.2510987838044745,-0.020088035989810238,1,0.4288273972150061,1.6020391977456645,0.032589672563230164,0.8,0.4287503973950664,0,0,0,0,0,0,0,0
160,48992.004,-3.2473962356887793,0.06838577989740025,0,-0.08573057285796004,0.07392327117919922,-0.11048505401611328,-0.0005771515053581058,0.05605819512366042,1,0.34313173094208566,3.246819084183421,-0.012327584773739825,1,0.4288623038000457,1.5992499474567312,0.037645206413527574,0.8,0.42903120663088234,0,0,0,0,0,0,0,0
161,49057.189,-3.243386768439359,0.06111479032725248,0,-0.08578293273551996,0.06925987243652344,-0.10351459503173828,-0.0005771515053581058,0.05605819512366042,1,0.34313173094208566,3.2428096169340006,-0.005056595203592057,1,0.4289146636776056,1.5998153694316597,0.03662318469899964,0.8,0.42915632465095904,0,0,0,0,0,0,0,0
162,49122.192,-3.23963057428353,0.054302325963001295,0,-0.08578293273551996,0.06489088439941407,-0.09698387908935546,-0.0005771515053581058,0.05605819512366042,1,0.34313173094208566,3.2390534227781718,0.001755869160659125,1,0.4289146636776056,1.5993010505500076,0.03756043500322054,0.8,0.4289146636776056,0,0,0,0,0,0,0,0
163,49187.347,-3.2361113228664298,0.0479196441856904,0,-0.08581783932055975,0.060797470092773434,-0.0908653564453125,-0.0005771515053581058,0.05605819512366042,1,0.34313173094208566,3.2355341713610715,0.008138550937970022,1,0.4289495702626454,1.598817270357688,0.03843756196219754,0.8,0.4291106775782137,0,0,0,0,0,0,0,0
164,49252.532,-3.2328142783475107,0.041939510220106745,0,-0.08581783932055975,0.05696225357055664,-0.08513292694091797,-0.0005771515053581058,0.05605819512366042,1,0.34313173094208566,3.2322371268421524,0.014118684903553676,1,0.4289495702626454,1.5983652467807425,0.03926006380491959,0.8,0.4289495702626454,0,0,0,0,0,0,0,0
165,49317.687,-3.229725207110931,0.03633664312116408,0,-0.08583529261307987,0.05336908721923828,-0.07976213836669922,-0.0005771515053581058,0.05605819512366042,1,0.34313173094208566,3.2291480556055725,0.01972155200249634,1,0.4289670235551655,1.5979405672981255,0.04003006038017021,0.8,0.42904757721295067,0,0,0,0,0,0,0,0
166,49382.812,-3.226831079749822,0.031087191037046748,0,-0.08581783932055975,0.050002613067626954,-0.07473018646240234,-0.0005771515053581058,0.05605819512366042,1,0.34313173094208566,3.2262539282444638,0.024971004086613673,1,0.4289495702626454,1.5977793190254432,0.04032350551968662,0.8,0.4288702371148267,0,0,0,0,0,0,0,0
167,49448.089,-3.224119432534927,0.026168946190089967,0,-0.08580038602804008,0.04684835052490234,-0.07001584625244141,-0.0005771515053581058,0.05605819512366042,1,0.34313173094208566,3.2235422810295686,0.029889248933570454,1,0.42893211697012573,1.5971699632038105,0.041427481335014046,0.8,0.4288515633123426,0,0,0,0,0,0,0,0
168,49513.122,-3.2215787539480627,0.021561012656651043,0,-0.08583529261307987,0.04389315032958984,-0.06559888458251953,-0.0005771515053581058,0.05605819512366042,1,0.34313173094208566,3.2210016024427044,0.03449718246700938,1,0.4289670235551655,1.597027505684951,0.041684602395680795,0.8,0.42912568985080096,0,0,0,0,0,0,0,0
169,49578.308,-3.21919849054534,0.017243685022810706,0,-0.08587019919811965,0.041124366760253904,-0.06146059799194336,-0.0005771515053581058,0.05605819512366042,1,0.34313173094208566,3.2186213390399816,0.038814510100849714,1,0.4290019301402053,1.5962936040363505,0.0430176405479892,0.8,0.42916555475757934,0,0,0,0,0,0,0,0
170,49643.432,-3.216968542506876,0.013198614539259801,0,-0.08590510578315967,0.03852983856201172,-0.0575837287902832,-0.0005771515053581058,0.05605819512366042,1,0.34313173094208566,3.2163913910015176,0.04285958058440062,1,0.42903683672524534,1.5967180217733705,0.04225000601635938,0.8,0.4291908363651278,0,0,0,0,0,0,0,0
171,49708.648,-3.214879402662948,0.009408639175083935,0,-0.08602727883079896,0.03609920883178711,-0.053951286315917966,-0.0005771515053581058,0.05605819512366042,1,0.34313173094208566,3.21430225115759,0.046649555948576484,1,0.4291590097728846,1.5953575942017832,0.04471980019141006,0.8,0.42975016968081664,0,0,0,0,0,0,0,0
172,49773.773,-3.212922487619925,0.005857503721806994,0,-0.0860796387083591,0.03382194137573242,-0.05054793930053711,-0.0005771515053581058,0.05605819512366042,1,0.34313173094208566,3.212345336114567,0.050200691401853424,1,0.42921136965044476,1.5956354332102367,0.04422184429549485,0.8,0.42945303062379925,0,0,0,0,0,0,0,0
173,49838.897,-3.211089196760124,0.002530283692245264,0,-0.08611454529339911,0.031688329696655276,-0.04735929870605469,-0.0005771515053581058,0.05605819512366042,1,0.34313173094208566,3.2105120452547657,0.05352791143141516,1,0.4292462762354848,1.595384456459223,0.044679755874886144,0.8,0.42940738355105407,0,0,0,0,0,0,0,0
174,49904.052,-3.209371678430618,-0.0005871208058240191,0,-0.0861843584634785,0.02968914222717285,-0.04437198257446289,-0.0005771515053581058,0.05605819512366042,1,0.34313173094208566,3.2087945269252596,0.05664531592948444,1,0.42931608940556415,1.595004585098143,0.045370963813558624,0.8,0.4296433386403112,0,0,0,0,0,0,0,0
175,49969.329,-3.2077627071174977,-0.003507987255273167,0,-0.08623671834103841,0.027816314697265625,-0.04157293319702148,-0.0005771515053581058,0.05605819512366042,1,0.34313173094208566,3.2071855556121394,0.05956618237893359,1,0.42936844928312407,1.5951877037823075,0.04504134876121606,0.8,0.4296028964960789,0,0,0,0,0,0,0,0
176,50034.332,-3.2062553781789025,-0.00624468158937101,0,-0.08634143809615823,0.026061580657958983,-0.038950477600097656,-0.0005771515053581058,0.05605819512366042,1,0.34313173094208566,3.205678226673544,0.06230287671303143,1,0.4294731690382439,1.5947227267443365,0.04588748477088872,0.8,0.4299564909849508,0,0,0,0,0,0,0,0
177,50099.487,-3.204843401264646,-0.008808887603695848,0,-0.08635889138867812,0.024417591094970704,-0.03649340057373047,-0.0005771515053581058,0.05605819512366042,1,0.34313173094208566,3.2042662497592875,0.06486708272735627,1,0.4294906223307638,1.5945301722644156,0.04624080451773492,0.8,0.42957117598854794,0,0,0,0,0,0,0,0
178,50164.703,-3.2035205367811765,-0.011211363896811606,0,-0.08644615785127784,0.022877281188964843,-0.03419136047363281,-0.0005771515053581058,0.05605819512366042,1,0.34313173094208566,3.2029433852758182,0.06726955902047202,1,0.4295778887933635,1.5944565021952688,0.04637518409494076,0.8,0.4299745545324531,0,0,0,0,0,0,0,0
179,50229.797,-3.2022813182104084,-0.013462397773483268,0,-0.08649851772883775,0.021434131622314452,-0.03203453826904297,-0.0005771515053581058,0.05605819512366042,1,0.34313173094208566,3.20170416670505,0.06952059289714368,1,0.4296302486709234,1.5940751067936367,0.04707063796162001,0.8,0.4298756855969855,0,0,0,0,0,0,0,0
180,50294.982,-3.2011203797542067,-0.015571495332401444,0,-0.08656833089891758,0.020082067489624024,-0.030013771057128907,-0.0005771515053581058,0.05605819512366042,1,0.34313173094208566,3.2005432282488484,0.07162969045606186,1,0.42970006184100323,1.5942070102487438,0.04683251904327515,0.8,0.4300126581249427,0,0,0,0,0,0,0,0
181,50360.168,-3.200032812767097,-0.017547623632703555,0,-0.08663814406899739,0.018815263748168946,-0.02812045478820801,-0.0005771515053581058,0.05605819512366042,1,0.34313173094208566,3.1994556612617386,0.07360581875636397,1,0.42976987501108305,1.5937801986701128,0.04760986102045915,0.8,0.4300971242458322,0,0,0,0,0,0,0,0
182,50425.201,-3.199013983509404,-0.019399167730885264,0,-0.0866905039465573,0.01762832450866699,-0.02634660530090332,-0.0005771515053581058,0.05605819512366042,1,0.34313173094208566,3.1984368320040457,0.07545736285454568,1,0.42982223488864296,1.5937324123067533,0.04769853426363589,0.8,0.4300638958619964,0,0,0,0,0,0,0,0
183,50490.509,-3.198059513706094,-0.021133963933364818,0,-0.0867777704091568,0.016516313552856446,-0.02468462562561035,-0.0005771515053581058,0.05605819512366042,1,0.34313173094208566,3.1974823622007356,0.07719215905702524,1,0.42990950135124245,1.593601728313313,0.04793728984955639,0.8,0.43031226964016317,0,0,0,0,0,0,0,0
184,50555.633,-3.1971653963264206,-0.02275941019794807,0,-0.08683013028671671,0.015474429130554199,-0.023127567291259764,-0.0005771515053581058,0.05605819512366042,1,0.34313173094208566,3.1965882448210623,0.07881760532160849,1,0.42996186122880237,1.5935525908516577,0.04802859345783661,0.8,0.4301998606722565,0,0,0,0,0,0,0,0
185,50620.666,-3.196327763916219,-0.024282369212811312,0,-0.0868824901642764,0.01449824047088623,-0.02166871643066406,-0.0005771515053581058,0.05605819512366042,1,0.34313173094208566,3.1957506124108606,0.08034056433647173,1,0.43001422110636206,1.5932945039621396,0.048498964280769205,0.8,0.4302596580324231,0,0,0,0,0,0,0,0
186,50685.791,-3.195543046705552,-0.025709302834197745,0,-0.08689994345679652,0.013583654403686524,-0.020301883697509765,-0.0005771515053581058,0.05605819512366042,1,0.34313173094208566,3.194965895200194,0.08176749795785816,1,0.4300316743988822,1.5932575472349682,0.04856723770947141,0.8,0.4301122280566673,0,0,0,0,0,0,0,0
187,50751.037,-3.194807855307033,-0.02704623907356435,0,-0.08695230333435623,0.012726760864257813,-0.019021255493164062,-0.0005771515053581058,0.05605819512366042,1,0.34313173094208566,3.194230703801675,0.08310443419722477,1,0.4300840342764419,1.5932166096359641,0.048642030489192876,0.8,0.430322033719895,0,0,0,0,0,0,0,0
188,50816.162,-3.1941191077963595,-0.028298876796165145,0,-0.08696975662687613,0.011923919677734375,-0.017821388244628908,-0.0005771515053581058,0.05605819512366042,1,0.34313173094208566,3.1935419562910012,0.08435707191982557,1,0.43010148756896177,1.5931730433882505,0.04872216585409606,0.8,0.4301796366399464,0,0,0,0,0,0,0,0
189,50881.286,-3.1934738338124125,-0.02947251243453972,0,-0.08700466321191615,0.011171660423278808,-0.016697269439697265,-0.0005771515053581058,0.05605819512366042,1,0.34313173094208566,3.192896682307054,0.08553070755820014,1,0.4301363941540018,1.5928634856871544,0.04928555177006989,0.8,0.43030261598752567,0,0,0,0,0,0,0,0
190,50946.502,-3.1928693163879074,-0.03057214297658477,0,-0.08702211650443605,0.010466747283935547,-0.01564412498474121,-0.0005771515053581058,0.05605819512366042,1,0.34313173094208566,3.192292164882549,0.08663033810024519,1,0.4301538474465217,1.5930345956974985,0.04897503213417801,0.8,0.43023084726646244,0,0,0,0,0,0,0,0
191,51011.718,-3.1923029614038008,-0.0316024234960315,0,-0.08702211650443605,0.009806339263916015,-0.014657380104064942,-0.0005771515053581058,0.05605819512366042,1,0.34313173094208566,3.1917258098984425,0.08766061861969192,1,0.4301538474465217,1.5926657397163613,0.04964640901640008,0.8,0.4301538474465217,0,0,0,0,0,0,0,0
192,51076.782,-3.191772335753956,-0.0325677136200615,0,-0.08705702308947606,0.009187700271606446,-0.013732792854309082,-0.0005771515053581058,0.05605819512366042,1,0.34313173094208566,3.1911951842485977,0.08862590874372192,1,0.4301887540315617,1.592783668223607,0.04943191715080794,0.8,0.43034742032719814,0,0,0,0,0,0,0,0
193,51141.998,-3.1912752176930335,-0.03347213127049314,0,-0.08710938296703576,0.008608078956604004,-0.012866543769836427,-0.0005771515053581058,0.05605819512366042,1,0.34313173094208566,3.190698066187675,0.08953032639415356,1,0.4302411139091214,1.5927521477009585,0.04948973301276447,0.8,0.43047556112207525,0,0,0,0,0,0,0,0
194,51207.122,-3.190809506040295,-0.03431952287553001,0,-0.08716174284459567,0.008065024375915527,-0.012054930686950684,-0.0005771515053581058,0.05605819512366042,1,0.34313173094208566,3.1902323545349365,0.09037771799919042,1,0.4302934737866813,1.5926464942605207,0.049682602359639144,0.8,0.43053147323013546,0,0,0,0,0,0,0,0
195,51272.247,-3.190373213038108,-0.035113481084056854,0,-0.08717919613711535,0.007556279182434082,-0.011294464111328124,-0.0005771515053581058,0.05605819512366042,1,0.34313173094208566,3.18979606153275,0.09117167620771727,1,0.430310927079201,1.5924350863991925,0.05006786024876825,0.8,0.4303953784946188,0,0,0,0,0,0,0,0
196,51337.432,-3.1899644588834404,-0.0358573645537014,0,-0.08717919613711535,0.007079563140869141,-0.010582030296325684,-0.0005771515053581058,0.05605819512366042,1,0.34313173094208566,3.189387307378082,0.09191555967736181,1,0.430310927079201,1.592589772010604,0.04973110178615324,0.8,0.430310927079201,0,0,0,0,0,0,0,0
197,51402.557,-3.189581492153595,-0.03655432399794961,0,-0.08721410272215559,0.006632936477661133,-0.009914522171020507,-0.0005771515053581058,0.05605819512366042,1,0.34313173094208566,3.189004340648237,0.09261251912161003,1,0.43034583366424123,1.5923745773805342,0.050240708036399795,0.8,0.4305147364950811,0,0,0,0,0,0,0,0
198,51467.864,-3.1892227104077477,-0.03720733281865009,0,-0.08717919613711535,0.006214462757110596,-0.009289135932922363,-0.0005771515053581058,0.05605819512366042,1,0.34313173094208566,3.1886455589023894,0.09326552794231051,1,0.430310927079201,1.5923908777427853,0.05014896531338859,0.8,0.43014981976363065,0,0,0,0,0,0,0,0
199,51532.958,-3.1888865431161375,-0.037819138806978445,0,-0.08721410272215559,0.005822397708892822,-0.008703192710876466,-0.0005771515053581058,0.05605819512366042,1,0.34313173094208566,3.188309391610779,0.09387733393063886,1,0.43034583366424123,1.592316280929396,0.05028448096399013,0.8,0.43050945828161735,0,0,0,0,0,0,0,0
200,51598.236,-3.1885716036735516,-0.038392362633210726,0,-0.08726646259971528,0.0054550843238830565,-0.008154191970825196,-0.0005771515053581058,0.05605819512366042,1,0.34313173094208566,3.1879944521681933,0.09445055775687114,1,0.4303981935418009,1.5923270926764443,0.0502651021993643,0.8,0.4306361929852541,0,0,0,0,0,0,0,0
201,51663.299,-3.188276558706179,-0.03892944086461624,0,-0.08728391589223518,0.00511097526550293,-0.00763979434967041,-0.0005771515053581058,0.05605819512366042,1,0.34313173094208566,3.187699407200821,0.09498763598827667,1,0.4304156468343208,1.592285071197678,0.05034196013037978,0.8,0.43049497998213854,0,0,0,0,0,0,0,0
202,51728.424,-3.188000135825659,-0.039432644663690654,0,-0.08726646259971528,0.004788546562194824,-0.007157873153686523,-0.0005771515053581058,0.05605819512366042,1,0.34313173094208566,3.1874229843203006,0.09549083978735107,1,0.4303981935418009,1.5922674920380293,0.05037409645600448,0.8,0.4303200444708163,0,0,0,0,0,0,0,0
203,51793.609,-3.1877411431037608,-0.039904101136616923,0,-0.0873013691847553,0.004486459732055664,-0.0067063460350036625,-0.0005771515053581058,0.05605819512366042,1,0.34313173094208566,3.1871639915984025,0.09596229626027734,1,0.43043310012684094,1.5921199401110668,0.050642595961174104,0.8,0.43060200295767975,0,0,0,0,0,0,0,0
204,51858.764,-3.1874985065224233,-0.04034582762469444,0,-0.0873188224772752,0.00420340347290039,-0.006283329486846924,-0.0005771515053581058,0.05605819512366042,1,0.34313173094208566,3.186921355017065,0.09640402274835486,1,0.43045055341936084,1.5922118127516482,0.050475603592223445,0.8,0.4305275532393016,0,0,0,0,0,0,0,0
205,51923.919,-3.187271183884388,-0.04075969307920431,0,-0.08735372906231498,0.003938233613967896,-0.005886965274810791,-0.0005771515053581058,0.05605819512366042,1,0.34313173094208566,3.18669403237903,0.09681788820286473,1,0.43048546000440063,1.59210384551276,0.05067227080578324,0.8,0.43064908462177465,0,0,0,0,0,0,0,0
206,51989.044,-3.1870582178458116,-0.04114746032958179,0,-0.08740608893987467,0.003689758062362671,-0.005515635013580322,-0.0005771515053581058,0.05605819512366042,1,0.34313173094208566,3.1864810663404532,0.09720565545324221,1,0.4305378198819603,1.5920383055331009,0.050757090228718216,0.8,0.4307871526322446,0,0,0,0,0,0,0,0
207,52054.321,-3.186858704419625,-0.04151077578896249,0,-0.0874759021099547,0.003457010269165039,-0.005167680263519287,-0.0005771515053581058,0.05605819512366042,1,0.34313173094208566,3.1862815529142665,0.09756897091262291,1,0.43060763305204036,1.5921138691164662,0.05068240203516588,0.8,0.43092022933598084,0,0,0,0,0,0,0,0
208,52119.354,-3.186671801044682,-0.04185118594971357,0,-0.0875108086949945,0.003238926887512207,-0.004841698169708252,-0.0005771515053581058,0.05605819512366042,1,0.34313173094208566,3.186094649539324,0.09790938107337399,1,0.43064253963708016,1.5920251969379444,0.050816308603294454,0.8,0.43080616425445417,0,0,0,0,0,0,0,0
209,52184.509,-3.186496699130461,-0.042170129436539396,0,-0.08756316857255418,0.003034608840942383,-0.0045362887382507325,-0.0005771515053581058,0.05605819512366042,1,0.34313173094208566,3.1859195476251028,0.09822832456019981,1,0.43069489951463985,1.5920169173513607,0.050831550286085075,0.8,0.4309365604879923,0,0,0,0,0,0,0,0
210,52249.664,-3.1863326595230186,-0.042468962550011556,0,-0.08763298174263422,0.002843167304992676,-0.004250141143798828,-0.0005771515053581058,0.05605819512366042,1,0.34313173094208566,3.1857555080176603,0.09852715767367198,1,0.4307647126847199,1.591994463814909,0.050872680217070775,0.8,0.4310869273158585,0,0,0,0,0,0,0,0
211,52314.819,-3.1861789874674518,-0.042748954917511614,0,-0.08763298174263422,0.00266381311416626,-0.00398202657699585,-0.0005771515053581058,0.05605819512366042,1,0.34313173094208566,3.1856018359620935,0.09880715004117203,1,0.4307647126847199,1.5919859904136469,0.05088838303005598,0.8,0.4307647126847199,0,0,0,0,0,0,0,0
212,52379.974,-3.186035008766149,-0.04301128380236539,0,-0.08765043503515389,0.002495781898498535,-0.003730816602706909,-0.0005771515053581058,0.05605819512366042,1,0.34313173094208566,3.185457857260791,0.0990694789260258,1,0.43078216597723956,1.591953658700304,0.050947279612225484,0.8,0.4308627196350227,0,0,0,0,0,0,0,0
213,52445.098,-3.1859001186286493,-0.04325706755217555,0,-0.08768534162019391,0.0023383169174194334,-0.0034954826831817627,-0.0005771515053581058,0.05605819512366042,1,0.34313173094208566,3.185322967123291,0.09931526267583597,1,0.4308170725622796,1.5919351520520313,0.050981082298434295,0.8,0.43097817987784887,0,0,0,0,0,0,0,0
214,52510.192,-3.1857737469503773,-0.04348735246769126,0,-0.0877202482052337,0.002190793752670288,-0.0032750015258789064,-0.0005771515053581058,0.05605819512366042,1,0.34313173094208566,3.185196595445019,0.09954554759135167,1,0.4308519791473194,1.5919178348395064,0.05101276949460654,0.8,0.43101308646288766,0,0,0,0,0,0,0,0
215,52575.531,-3.185655354939397,-0.04370311427746193,0,-0.0877202482052337,0.0020525882244110108,-0.0030684022903442383,-0.0005771515053581058,0.05605819512366042,1,0.34313173094208566,3.185078203434039,0.09976130940112235,1,0.4308519791473194,1.5919112652951548,0.05102484611601173,0.8,0.4308519791473194,0,0,0,0,0,0,0,0
216,52640.472,-3.185544432347727,-0.04390526563831641,0,-0.0877551547902735,0.001923092007637024,-0.0028748462200164793,-0.0005771515053581058,0.05605819512366042,1,0.34313173094208566,3.184967280842369,0.09996346076197683,1,0.43088688573235917,1.5918863649275767,0.0510702377086664,0.8,0.43104799304792746,0,0,0,0,0,0,0,0
217,52705.596,-3.1854405144517743,-0.04409466873253604,0,-0.0877551547902735,0.001801766872406006,-0.0026934995651245117,-0.0005771515053581058,0.05605819512366042,1,0.34313173094208566,3.184863362946416,0.10015286385619646,1,0.43088688573235917,1.591872123571924,0.05109629474312696,0.8,0.43088688573235917,0,0,0,0,0,0,0,0
218,52770.843,-3.185343152502757,-0.044272123924901,0,-0.08773770149775359,0.001688098907470703,-0.0025235893726348875,-0.0005771515053581058,0.05605819512366042,1,0.34313173094208566,3.184766000997399,0.10033031904856142,1,0.4308694324398392,1.5918587438501453,0.05112068748316898,0.8,0.4307888787820548,0,0,0,0,0,0,0,0
219,52836.059,-3.18525192983263,-0.04443838302441935,0,-0.0876853416201939,0.00158160400390625,-0.0023643927574157715,-0.0005771515053581058,0.05605819512366042,1,0.34313173094208566,3.1846747783272717,0.10049657814807977,1,0.4308170725622795,1.591846190170644,0.05114353037913871,0.8,0.4305754115889271,0,0,0,0,0,0,0,0
220,52901.123,-3.185166453318581,-0.04459414915184614,0,-0.08772024820523369,0.0014818354845046997,-0.00221523380279541,-0.0005771515053581058,0.05605819512366042,1,0.34313173094208566,3.1845893018132228,0.10065234427550657,1,0.4308519791473193,1.59183439275404,0.051164912823897554,0.8,0.4310130864628876,0,0,0,0,0,0,0,0
221,52966.186,-3.185086373676163,-0.04474009144884916,0,-0.08773770149775358,0.0013883613348007202,-0.002075483322143555,-0.0005771515053581058,0.05605819512366042,1,0.34313173094208566,3.1845092221708047,0.10079828657250958,1,0.4308694324398392,1.5918234130108435,0.05118498642396334,0.8,0.43094998609762336,0,0,0,0,0,0,0,0
222,53031.372,-3.18501134801566,-0.04487682861752127,0,-0.0877726080827936,0.001300780415534973,-0.0019445561170578004,-0.0005771515053581058,0.05605819512366042,1,0.34313173094208566,3.184434196510302,0.10093502374118168,1,0.43090433902487923,1.591813113929366,0.05120378893267139,0.8,0.4310654463404485,0,0,0,0,0,0,0,0
223,53096.771,-3.1849410597755807,-0.04500494237916213,0,-0.08779006137531327,0.001218721628189087,-0.0018218867778778075,-0.0005771515053581058,0.05605819512366042,1,0.34313173094208566,3.1843639082702224,0.10106313750282256,1,0.4309217923173989,1.5918092134680235,0.05121095991162804,0.8,0.43100112546521563,0,0,0,0,0,0,0,0
224,53161.804,-3.184875208828784,-0.0451249763443515,0,-0.08780751466783338,0.0011418241262435914,-0.001706971049308777,-0.0005771515053581058,0.05605819512366042,1,0.34313173094208566,3.1842980573234256,0.10118317146801192,1,0.43093924560991903,1.591788906296418,0.051248021481135296,0.8,0.4310210579186071,0,0,0,0,0,0,0,0
225,53226.959,-3.1848135141384515,-0.04523743921246623,0,-0.08779006137531326,0.001069791078567505,-0.0015992894172668457,-0.0005771515053581058,0.05605819512366042,1,0.34313173094208566,3.184236362633093,0.10129563433612665,1,0.4309217923173989,1.5917910125041774,0.05124421116564142,0.8,0.4308424591695802,0,0,0,0,0,0,0,0
226,53292.083,-3.184755709353745,-0.04534280628325144,0,-0.08777260808279358,0.0010023071765899658,-0.001498396873474121,-0.0005771515053581058,0.05605819512366042,1,0.34313173094208566,3.1841785578483868,0.10140100140691186,1,0.43090433902487923,1.5917780223911588,0.051267861853837804,0.8,0.4308237853670961,0,0,0,0,0,0,0,0
227,53357.269,-3.1847015491415522,-0.04544152516883066,0,-0.08779006137531326,0.0009390811920166015,-0.001403867721557617,-0.0005771515053581058,0.05605819512366042,1,0.34313173094208566,3.184124397636194,0.10149972029249107,1,0.4309217923173989,1.5917705669062894,0.05128142337628749,0.8,0.43100234597518206,0,0,0,0,0,0,0,0
228,53422.424,-3.1846508073513338,-0.045534017418930615,0,-0.08779006137531326,0.0008798378109931945,-0.0013153072595596313,-0.0005771515053581058,0.05605819512366042,1,0.34313173094208566,3.1840736558459755,0.10159221254259104,1,0.4309217923173989,1.5917677426718293,0.05128659547637111,0.8,0.4309217923173989,0,0,0,0,0,0,0,0
229,53487.579,-3.1846032664418993,-0.04562067482963998,0,-0.08782496796035327,0.000824335753917694,-0.001232331395149231,-0.0005771515053581058,0.05605819512366042,1,0.34313173094208566,3.184026114936541,0.1016788699533004,1,0.43095669890243893,1.5917530681198007,0.05131334269146701,0.8,0.431120323519814,0,0,0,0,0,0,0,0
230,53552.764,-3.1845587273922784,-0.04570186706059847,0,-0.08780751466783336,0.0007723339796066284,-0.0011545903682708741,-0.0005771515053581058,0.05605819512366042,1,0.34313173094208566,3.18398157588692,0.1017600621842589,1,0.43093924560991903,1.5917509622916552,0.051317220028059815,0.8,0.4308586919521349,0,0,0,0,0,0,0,0
231,53618.316,-3.184516996473443,-0.04577793641579373,0,-0.08782496796035326,0.0007236154079437256,-0.0010817506313323974,-0.0005771515053581058,0.05605819512366042,1,0.34313173094208566,3.183939844968085,0.10183613153945414,1,0.43095669890243893,1.5917417065216626,0.05133407005595107,0.8,0.43103851121112596,0,0,0,0,0,0,0,0
232,53683.013,-3.184477899657425,-0.04584920793304079,0,-0.08784242125287316,0.000677962601184845,-0.001013513445854187,-0.0005771515053581058,0.05605819512366042,1,0.34313173094208566,3.1839007481520665,0.1019074030567012,1,0.4309741521949588,1.5917461369774295,0.051326015424417344,0.8,0.43105230126594346,0,0,0,0,0,0,0,0
233,53748.168,-3.1844412701011784,-0.045915983744133526,0,-0.08785987454539328,0.0006351979970932006,-0.0009495728015899658,-0.0005771515053581058,0.05605819512366042,1,0.34313173094208566,3.18386411859582,0.10197417886779395,1,0.43099160548747895,1.5917348232258142,0.05134665149362711,0.8,0.4310721591452641,0,0,0,0,0,0,0,0
234,53813.293,-3.1844069522334104,-0.04597854768172315,0,-0.08785987454539328,0.0005951293110847473,-0.0008896699547767639,-0.0005771515053581058,0.05605819512366042,1,0.34313173094208566,3.183829800728052,0.10203674280538358,1,0.43099160548747895,1.5917301118452754,0.05135525414355904,0.8,0.43099160548747895,0,0,0,0,0,0,0,0
235,53878.448,-3.1843747991193445,-0.046037164679782965,0,-0.08784242125287316,0.000557588279247284,-0.0008335434794425965,-0.0005771515053581058,0.05605819512366042,1,0.34313173094208566,3.183797647613986,0.10209535980344339,1,0.4309741521949588,1.5917256916543305,0.051363309891274536,0.8,0.4308935985371737,0,0,0,0,0,0,0,0
236,53943.634,-3.1843446734508594,-0.04609208341080035,0,-0.08784242125287316,0.0005224125981330872,-0.0007809610962867736,-0.0005771515053581058,0.05605819512366042,1,0.34313173094208566,3.183767521945501,0.10215027853446076,1,0.4309741521949588,1.5917240036398748,0.05136637496201948,0.8,0.4309741521949588,0,0,0,0,0,0,0,0
237,54009.063,-3.1843164480617787,-0.04614353747527359,0,-0.0878773278379134,0.0004894590079784393,-0.0007316921353340149,-0.0005771515053581058,0.05605819512366042,1,0.34313173094208566,3.1837392965564204,0.102201732598934,1,0.43100905877999907,1.591724370540295,0.05136570339602044,0.8,0.43116305841988245,0,0,0,0,0,0,0,0
238,54073.883,-3.1842900047789193,-0.04619174634354486,0,-0.0878773278379134,0.0004585839211940765,-0.0006855310201644897,-0.0005771515053581058,0.05605819512366042,1,0.34313173094208566,3.183712853273561,0.10224994146720529,1,0.43100905877999907,1.59171829008453,0.05137680810516904,0.8,0.43100905877999907,0,0,0,0,0,0,0,0
239,54139.16,-3.184265229507447,-0.04623691384462265,0,-0.08789478113043307,0.00042965644598007204,-0.0006422824263572692,-0.0005771515053581058,0.05605819512366042,1,0.34313173094208566,3.183688078002089,0.10229510896828306,1,0.43102651207251874,1.5916995165841235,0.05141103157376189,0.8,0.4311137785351171,0,0,0,0,0,0,0,0
240,54204.254,-3.1842420179022484,-0.046279232371694574,0,-0.08789478113043307,0.00040255188941955565,-0.0006017642021179199,-0.0005771515053581058,0.05605819512366042,1,0.34313173094208566,3.18366486639689,0.10233742749535499,1,0.43102651207251874,1.59170744763199,0.05139658273960326,0.8,0.43102651207251874,0,0,0,0,0,0,0,0
241,54269.683,-3.1842202706115486,-0.046318881291882344,0,-0.08789478113043307,0.0003771568238735199,-0.0005638027787208557,-0.0005771515053581058,0.05605819512366042,1,0.34313173094208566,3.1836431191061902,0.10237707641554276,1,0.43102651207251874,1.5917026290570806,0.05140536824004829,0.8,0.43102651207251874,0,0,0,0,0,0,0,0
242,54334.472,-3.1841998952675175,-0.04635602900455911,0,-0.0878773278379134,0.0003533636629581451,-0.0005282359719276428,-0.0005771515053581058,0.05605819512366042,1,0.34313173094208566,3.183622743762159,0.10241422412821953,1,0.43100905877999907,1.591703320814248,0.05140410751012292,0.8,0.43092972563218235,0,0,0,0,0,0,0,0
243,54399.688,-3.184180804593017,-0.04639083286781466,0,-0.08789478113043307,0.00033107316493988036,-0.0004949112832546234,-0.0005771515053581058,0.05605819512366042,1,0.34313173094208566,3.183603653087659,0.10244902799147508,1,0.43102651207251874,1.5917005881184487,0.051409079937244244,0.8,0.43110584522033546,0,0,0,0,0,0,0,0
244,54464.813,-3.1841629188093914,-0.04642344145861031,0,-0.08789478113043307,0.0003101876378059387,-0.00046369004249572753,-0.0005771515053581058,0.05605819512366042,1,0.34313173094208566,3.183585767304033,0.10248163658227073,1,0.43102651207251874,1.5916965755863397,0.05141640301080426,0.8,0.43102651207251874,0,0,0,0,0,0,0,0
245,54529.937,-3.184146161273742,-0.04645399289022023,0,-0.08792968771547309,0.0002906205356121063,-0.0004344373643398285,-0.0005771515053581058,0.05605819512366042,1,0.34313173094208566,3.1835690097683838,0.10251218801388065,1,0.43106141865755876,1.5916942719999263,0.05142060171560912,0.8,0.43122252597312805,0,0,0,0,0,0,0,0
246,54595.153,-3.1841304618144863,-0.04648261748908902,0,-0.08792968771547309,0.0002722877562046051,-0.0004070301353931427,-0.0005771515053581058,0.05605819512366042,1,0.34313173094208566,3.183553310309128,0.10254081261274944,1,0.43106141865755876,1.5916921196047256,0.05142453876182207,0.8,0.43106141865755876,0,0,0,0,0,0,0,0
247,54660.339,-3.184115752684632,-0.046509436328940945,0,-0.08792968771547309,0.00025511157512664794,-0.00038135290145874023,-0.0005771515053581058,0.05605819512366042,1,0.34313173094208566,3.183538601179274,0.10256763145260137,1,0.43106141865755876,1.5916900975827302,0.05142822486396488,0.8,0.43106141865755876,0,0,0,0,0,0,0,0
248,54725.341,-3.1841019713748615,-0.04653456329303466,0,-0.08792968771547309,0.00023901942372322083,-0.0003572949767112732,-0.0005771515053581058,0.05605819512366042,1,0.34313173094208566,3.183524819869503,0.10259275841669507,1,0.43106141865755876,1.5916882028821402,0.05143167824577519,0.8,0.43106141865755876,0,0,0,0,0,0,0,0
249,54790.588,-3.184089059439455,-0.04655810510106805,0,-0.08792968771547309,0.0002239411473274231,-0.0003347546756267548,-0.0005771515053581058,0.05605819512366042,1,0.34313173094208566,3.1835119079340966,0.10261630022472848,1,0.43106141865755876,1.591687481582316,0.05143299303375352,0.8,0.43106141865755876,0,0,0,0,0,0,0,0
250,54855.712,-3.1840769619745255,-0.046580161714190355,0,-0.08785987454539328,0.0002098149210214615,-0.0003136356770992279,-0.0005771515053581058,0.05605819512366042,1,0.34313173094208566,3.183499810469167,0.10263835683785077,1,0.43099160548747895,1.5916837472232512,0.05143980052193794,0.8,0.4306643562527298,0,0,0,0,0,0,0,0
251,54920.837,-3.184065626168792,-0.04660082603489576,0,-0.0878773278379134,0.0001965796649456024,-0.00029384899139404296,-0.0005771515053581058,0.05605819512366042,1,0.34313173094208566,3.1834884746634335,0.10265902115855619,1,0.43100905877999907,1.591684123210402,0.05143909409817042,0.8,0.4310883919278178,0,0,0,0,0,0,0,0
252,54985.992,-3.1840550057938186,-0.04662018691879183,0,-0.0878773278379134,0.00018417881429195405,-0.000275311291217804,-0.0005771515053581058,0.05605819512366042,1,0.34313173094208566,3.1834778542884603,0.10267838204245225,1,0.43100905877999907,1.591681740509759,0.05144344193451262,0.8,0.43100905877999907,0,0,0,0,0,0,0,0
253,55051.116,-3.1840450553654436,-0.04663832640648988,0,-0.0878773278379134,0.00017256046831607818,-0.0002579430043697357,-0.0005771515053581058,0.05605819512366042,1,0.34313173094208566,3.1834679038600853,0.1026965215301503,1,0.43100905877999907,1.5916795355248667,0.05144746108842385,0.8,0.43100905877999907,0,0,0,0,0,0,0,0
254,55116.271,-3.1840357326368665,-0.04665532157049842,0,-0.08791223442295297,0.00016167484223842622,-0.00024167072772979736,-0.0005771515053581058,0.05605819512366042,1,0.34313173094208566,3.183458581131508,0.10271351669415885,1,0.43104396536503864,1.5916798518536026,0.051446884216821726,0.8,0.4312026316606731,0,0,0,0,0,0,0,0
255,55181.518,-3.1840269986532235,-0.04667124495078005,0,-0.08791223442295297,0.00015147468447685242,-0.00022642578184604644,-0.0005771515053581058,0.05605819512366042,1,0.34313173094208566,3.183449847147865,0.10272944007444047,1,0.43104396536503864,1.5916792982862453,0.051447901874512314,0.8,0.43104396536503864,0,0,0,0,0,0,0,0
